0.333333 1.666667 2.788784
0.333333 5.000000 -0.972040
0.333333 8.333333 -2.645324
0.333333 11.666667 -3.572885
0.333333 15.000000 -4.126109
0.333333 18.333333 -4.404299
0.333333 21.666667 -4.602679
0.333333 25.000000 -4.699315
0.333333 28.333333 -4.700295
0.333333 31.666667 -4.692650
0.333333 35.000000 -4.626867
0.333333 38.333333 -4.834539
0.333333 41.666667 -5.063238
0.333333 45.000000 -4.761585
0.333333 48.333333 -4.487444
0.333333 51.666667 -4.818156
0.333333 55.000000 -5.013901
0.333333 58.333333 -5.091552
0.333333 61.666667 -4.544342
0.333333 65.000000 -4.940719
0.333333 68.333333 -4.741122
0.333333 71.666667 -4.618491
0.333333 75.000000 -4.687734
0.333333 78.333333 -5.084273
0.333333 81.666667 -4.700919
0.333333 85.000000 -4.839087
0.333333 88.333333 -4.795583
0.333333 91.666667 -4.742119
0.333333 95.000000 -4.586962
0.333333 98.333333 -4.919620

1.000000 1.666667 2.377707
1.000000 5.000000 -0.405980
1.000000 8.333333 -1.816383
1.000000 11.666667 -2.541670
1.000000 15.000000 -3.166295
1.000000 18.333333 -3.520122
1.000000 21.666667 -3.646487
1.000000 25.000000 -3.667164
1.000000 28.333333 -3.757883
1.000000 31.666667 -3.894937
1.000000 35.000000 -3.717081
1.000000 38.333333 -3.747351
1.000000 41.666667 -3.867385
1.000000 45.000000 -3.934407
1.000000 48.333333 -4.141733
1.000000 51.666667 -3.800037
1.000000 55.000000 -4.024293
1.000000 58.333333 -4.147015
1.000000 61.666667 -3.894123
1.000000 65.000000 -3.980827
1.000000 68.333333 -3.853683
1.000000 71.666667 -3.948303
1.000000 75.000000 -3.816112
1.000000 78.333333 -3.898352
1.000000 81.666667 -4.021101
1.000000 85.000000 -4.038781
1.000000 88.333333 -4.073879
1.000000 91.666667 -4.106913
1.000000 95.000000 -3.938153
1.000000 98.333333 -3.811771

1.666667 1.666667 2.442712
1.666667 5.000000 0.196659
1.666667 8.333333 -1.099915
1.666667 11.666667 -1.954612
1.666667 15.000000 -2.500258
1.666667 18.333333 -2.620949
1.666667 21.666667 -2.821568
1.666667 25.000000 -2.776372
1.666667 28.333333 -2.964064
1.666667 31.666667 -3.157422
1.666667 35.000000 -3.150811
1.666667 38.333333 -3.075563
1.666667 41.666667 -3.201566
1.666667 45.000000 -3.176737
1.666667 48.333333 -3.146049
1.666667 51.666667 -3.140923
1.666667 55.000000 -3.188031
1.666667 58.333333 -3.334097
1.666667 61.666667 -3.280240
1.666667 65.000000 -3.278157
1.666667 68.333333 -3.337666
1.666667 71.666667 -3.203051
1.666667 75.000000 -3.250464
1.666667 78.333333 -3.270626
1.666667 81.666667 -3.056226
1.666667 85.000000 -3.236103
1.666667 88.333333 -3.607713
1.666667 91.666667 -3.403114
1.666667 95.000000 -3.183632
1.666667 98.333333 -3.330199

2.333333 1.666667 2.793484
2.333333 5.000000 0.663422
2.333333 8.333333 -0.620790
2.333333 11.666667 -1.410884
2.333333 15.000000 -1.613580
2.333333 18.333333 -1.919694
2.333333 21.666667 -1.992987
2.333333 25.000000 -2.235040
2.333333 28.333333 -2.031020
2.333333 31.666667 -2.408747
2.333333 35.000000 -2.385571
2.333333 38.333333 -2.545444
2.333333 41.666667 -2.486334
2.333333 45.000000 -2.951323
2.333333 48.333333 -2.548885
2.333333 51.666667 -2.587909
2.333333 55.000000 -3.102142
2.333333 58.333333 -3.010037
2.333333 61.666667 -2.675473
2.333333 65.000000 -2.519629
2.333333 68.333333 -2.917227
2.333333 71.666667 -2.928070
2.333333 75.000000 -2.685730
2.333333 78.333333 -2.881185
2.333333 81.666667 -2.933723
2.333333 85.000000 -2.982669
2.333333 88.333333 -2.829013
2.333333 91.666667 -2.912627
2.333333 95.000000 -2.655752
2.333333 98.333333 -2.815180

3.000000 1.666667 2.805876
3.000000 5.000000 1.415817
3.000000 8.333333 -0.063141
3.000000 11.666667 -0.781745
3.000000 15.000000 -1.252419
3.000000 18.333333 -1.686831
3.000000 21.666667 -1.758181
3.000000 25.000000 -1.855999
3.000000 28.333333 -1.976859
3.000000 31.666667 -2.060157
3.000000 35.000000 -2.233294
3.000000 38.333333 -2.293160
3.000000 41.666667 -2.228660
3.000000 45.000000 -2.337807
3.000000 48.333333 -2.464652
3.000000 51.666667 -2.270292
3.000000 55.000000 -2.504439
3.000000 58.333333 -2.381874
3.000000 61.666667 -2.538586
3.000000 65.000000 -2.469766
3.000000 68.333333 -2.535916
3.000000 71.666667 -2.322519
3.000000 75.000000 -2.482016
3.000000 78.333333 -2.279621
3.000000 81.666667 -2.448173
3.000000 85.000000 -2.271211
3.000000 88.333333 -2.705083
3.000000 91.666667 -2.798308
3.000000 95.000000 -2.512956
3.000000 98.333333 -2.259433

3.666667 1.666667 3.086550
3.666667 5.000000 1.474097
3.666667 8.333333 0.459559
3.666667 11.666667 -0.288571
3.666667 15.000000 -0.994215
3.666667 18.333333 -1.086642
3.666667 21.666667 -1.477117
3.666667 25.000000 -1.472050
3.666667 28.333333 -1.944401
3.666667 31.666667 -1.749122
3.666667 35.000000 -1.791003
3.666667 38.333333 -2.168092
3.666667 41.666667 -1.881873
3.666667 45.000000 -2.308555
3.666667 48.333333 -2.033137
3.666667 51.666667 -2.108638
3.666667 55.000000 -2.079927
3.666667 58.333333 -2.151219
3.666667 61.666667 -2.110994
3.666667 65.000000 -2.357033
3.666667 68.333333 -2.262600
3.666667 71.666667 -2.229635
3.666667 75.000000 -2.280250
3.666667 78.333333 -2.315380
3.666667 81.666667 -2.149210
3.666667 85.000000 -2.319219
3.666667 88.333333 -2.338573
3.666667 91.666667 -2.293803
3.666667 95.000000 -2.485881
3.666667 98.333333 -2.241907

4.333333 1.666667 3.513198
4.333333 5.000000 2.144980
4.333333 8.333333 0.699109
4.333333 11.666667 -0.176262
4.333333 15.000000 -0.575679
4.333333 18.333333 -0.850558
4.333333 21.666667 -1.289066
4.333333 25.000000 -1.320808
4.333333 28.333333 -1.503868
4.333333 31.666667 -1.718805
4.333333 35.000000 -1.715849
4.333333 38.333333 -1.710149
4.333333 41.666667 -1.683969
4.333333 45.000000 -2.144117
4.333333 48.333333 -1.956024
4.333333 51.666667 -1.647720
4.333333 55.000000 -2.012976
4.333333 58.333333 -1.860211
4.333333 61.666667 -2.023163
4.333333 65.000000 -1.897221
4.333333 68.333333 -2.188964
4.333333 71.666667 -2.155378
4.333333 75.000000 -2.211275
4.333333 78.333333 -2.071453
4.333333 81.666667 -2.041314
4.333333 85.000000 -2.148569
4.333333 88.333333 -2.143134
4.333333 91.666667 -2.176133
4.333333 95.000000 -2.511388
4.333333 98.333333 -2.577219

5.000000 1.666667 3.111708
5.000000 5.000000 1.973543
5.000000 8.333333 0.950001
5.000000 11.666667 0.604900
5.000000 15.000000 -0.252683
5.000000 18.333333 -0.430918
5.000000 21.666667 -0.776778
5.000000 25.000000 -1.087831
5.000000 28.333333 -1.252174
5.000000 31.666667 -1.312305
5.000000 35.000000 -1.333465
5.000000 38.333333 -1.391558
5.000000 41.666667 -1.405419
5.000000 45.000000 -1.661763
5.000000 48.333333 -1.676049
5.000000 51.666667 -1.580933
5.000000 55.000000 -1.667146
5.000000 58.333333 -1.861992
5.000000 61.666667 -1.922529
5.000000 65.000000 -1.902821
5.000000 68.333333 -1.989353
5.000000 71.666667 -1.674654
5.000000 75.000000 -1.925162
5.000000 78.333333 -1.930898
5.000000 81.666667 -1.903641
5.000000 85.000000 -1.919468
5.000000 88.333333 -1.658880
5.000000 91.666667 -1.825714
5.000000 95.000000 -1.966863
5.000000 98.333333 -1.898796

5.666667 1.666667 3.707847
5.666667 5.000000 2.552770
5.666667 8.333333 1.404349
5.666667 11.666667 0.549587
5.666667 15.000000 0.125802
5.666667 18.333333 -0.083357
5.666667 21.666667 -0.399737
5.666667 25.000000 -0.576401
5.666667 28.333333 -0.834750
5.666667 31.666667 -1.188002
5.666667 35.000000 -0.875690
5.666667 38.333333 -1.316107
5.666667 41.666667 -1.529168
5.666667 45.000000 -1.543751
5.666667 48.333333 -1.357023
5.666667 51.666667 -1.338495
5.666667 55.000000 -1.556775
5.666667 58.333333 -1.467953
5.666667 61.666667 -1.519587
5.666667 65.000000 -1.714313
5.666667 68.333333 -1.870144
5.666667 71.666667 -1.700036
5.666667 75.000000 -1.777143
5.666667 78.333333 -1.592847
5.666667 81.666667 -1.682919
5.666667 85.000000 -1.637243
5.666667 88.333333 -1.612531
5.666667 91.666667 -1.878626
5.666667 95.000000 -1.615844
5.666667 98.333333 -1.649261

6.333333 1.666667 3.216030
6.333333 5.000000 2.104937
6.333333 8.333333 1.775370
6.333333 11.666667 1.289879
6.333333 15.000000 0.277560
6.333333 18.333333 -0.193026
6.333333 21.666667 -0.436443
6.333333 25.000000 -0.528398
6.333333 28.333333 -0.773020
6.333333 31.666667 -0.761239
6.333333 35.000000 -1.226126
6.333333 38.333333 -1.345759
6.333333 41.666667 -0.964076
6.333333 45.000000 -0.985840
6.333333 48.333333 -1.325877
6.333333 51.666667 -1.355622
6.333333 55.000000 -1.418532
6.333333 58.333333 -1.243103
6.333333 61.666667 -1.364714
6.333333 65.000000 -1.454313
6.333333 68.333333 -1.377873
6.333333 71.666667 -1.472351
6.333333 75.000000 -1.546026
6.333333 78.333333 -1.615885
6.333333 81.666667 -1.410645
6.333333 85.000000 -1.623860
6.333333 88.333333 -1.502095
6.333333 91.666667 -1.715552
6.333333 95.000000 -1.621698
6.333333 98.333333 -1.616097

7.000000 1.666667 3.560122
7.000000 5.000000 2.519351
7.000000 8.333333 1.957542
7.000000 11.666667 1.292218
7.000000 15.000000 0.538297
7.000000 18.333333 0.191717
7.000000 21.666667 0.295950
7.000000 25.000000 -0.403650
7.000000 28.333333 -0.493913
7.000000 31.666667 -0.720901
7.000000 35.000000 -0.802312
7.000000 38.333333 -0.535085
7.000000 41.666667 -0.835851
7.000000 45.000000 -1.138279
7.000000 48.333333 -1.010284
7.000000 51.666667 -1.264596
7.000000 55.000000 -1.297553
7.000000 58.333333 -1.465811
7.000000 61.666667 -1.260270
7.000000 65.000000 -1.075276
7.000000 68.333333 -1.331472
7.000000 71.666667 -1.248039
7.000000 75.000000 -1.288972
7.000000 78.333333 -1.307374
7.000000 81.666667 -1.395996
7.000000 85.000000 -1.256248
7.000000 88.333333 -1.432233
7.000000 91.666667 -1.538152
7.000000 95.000000 -1.707077
7.000000 98.333333 -1.460189

7.666667 1.666667 3.782607
7.666667 5.000000 2.840005
7.666667 8.333333 2.399590
7.666667 11.666667 1.399191
7.666667 15.000000 0.556390
7.666667 18.333333 0.602961
7.666667 21.666667 -0.133176
7.666667 25.000000 0.151322
7.666667 28.333333 -0.129971
7.666667 31.666667 -0.440566
7.666667 35.000000 -0.660470
7.666667 38.333333 -0.530946
7.666667 41.666667 -0.664805
7.666667 45.000000 -0.798631
7.666667 48.333333 -1.153999
7.666667 51.666667 -0.835844
7.666667 55.000000 -0.855376
7.666667 58.333333 -1.032666
7.666667 61.666667 -1.166667
7.666667 65.000000 -1.480217
7.666667 68.333333 -1.109773
7.666667 71.666667 -1.341999
7.666667 75.000000 -1.177754
7.666667 78.333333 -1.354789
7.666667 81.666667 -1.468242
7.666667 85.000000 -1.358859
7.666667 88.333333 -1.375137
7.666667 91.666667 -1.512897
7.666667 95.000000 -1.415467
7.666667 98.333333 -1.453180

8.333333 1.666667 3.612673
8.333333 5.000000 2.883983
8.333333 8.333333 1.649268
8.333333 11.666667 1.496245
8.333333 15.000000 1.055445
8.333333 18.333333 0.517027
8.333333 21.666667 0.113394
8.333333 25.000000 0.061841
8.333333 28.333333 -0.383237
8.333333 31.666667 -0.252350
8.333333 35.000000 -0.557327
8.333333 38.333333 -0.984305
8.333333 41.666667 -0.985043
8.333333 45.000000 -0.772886
8.333333 48.333333 -0.504009
8.333333 51.666667 -1.135119
8.333333 55.000000 -0.954018
8.333333 58.333333 -1.143158
8.333333 61.666667 -1.014067
8.333333 65.000000 -1.342500
8.333333 68.333333 -1.349357
8.333333 71.666667 -1.023891
8.333333 75.000000 -1.157103
8.333333 78.333333 -1.265098
8.333333 81.666667 -1.288736
8.333333 85.000000 -1.268553
8.333333 88.333333 -1.246068
8.333333 91.666667 -1.239909
8.333333 95.000000 -1.172834
8.333333 98.333333 -1.369965

9.000000 1.666667 3.821635
9.000000 5.000000 2.823175
9.000000 8.333333 2.479316
9.000000 11.666667 1.251914
9.000000 15.000000 1.541010
9.000000 18.333333 0.736439
9.000000 21.666667 0.362825
9.000000 25.000000 0.370890
9.000000 28.333333 0.146651
9.000000 31.666667 -0.147609
9.000000 35.000000 -0.417273
9.000000 38.333333 -0.259161
9.000000 41.666667 -0.633379
9.000000 45.000000 -0.657253
9.000000 48.333333 -0.510533
9.000000 51.666667 -0.492484
9.000000 55.000000 -0.937438
9.000000 58.333333 -1.151681
9.000000 61.666667 -1.055904
9.000000 65.000000 -0.943709
9.000000 68.333333 -0.907839
9.000000 71.666667 -0.993010
9.000000 75.000000 -0.982624
9.000000 78.333333 -1.163454
9.000000 81.666667 -0.946881
9.000000 85.000000 -1.201081
9.000000 88.333333 -0.913223
9.000000 91.666667 -0.949881
9.000000 95.000000 -0.848642
9.000000 98.333333 -1.111346

9.666667 1.666667 4.345960
9.666667 5.000000 3.182651
9.666667 8.333333 2.092677
9.666667 11.666667 2.379060
9.666667 15.000000 1.578082
9.666667 18.333333 1.601346
9.666667 21.666667 0.221064
9.666667 25.000000 0.436928
9.666667 28.333333 0.470881
9.666667 31.666667 0.181429
9.666667 35.000000 0.082240
9.666667 38.333333 -0.197781
9.666667 41.666667 -0.189085
9.666667 45.000000 -0.512247
9.666667 48.333333 -0.448847
9.666667 51.666667 -0.826322
9.666667 55.000000 -0.591766
9.666667 58.333333 -0.503553
9.666667 61.666667 -0.634466
9.666667 65.000000 -0.735819
9.666667 68.333333 -0.844070
9.666667 71.666667 -1.154373
9.666667 75.000000 -1.042766
9.666667 78.333333 -0.940672
9.666667 81.666667 -0.923524
9.666667 85.000000 -0.873630
9.666667 88.333333 -1.016710
9.666667 91.666667 -1.153477
9.666667 95.000000 -0.801541
9.666667 98.333333 -1.027271

10.333333 1.666667 4.602166
10.333333 5.000000 3.504290
10.333333 8.333333 3.051301
10.333333 11.666667 2.349961
10.333333 15.000000 1.685544
10.333333 18.333333 1.130728
10.333333 21.666667 0.603510
10.333333 25.000000 0.598161
10.333333 28.333333 0.893939
10.333333 31.666667 0.256256
10.333333 35.000000 -0.052739
10.333333 38.333333 -0.066981
10.333333 41.666667 -0.318079
10.333333 45.000000 -0.249679
10.333333 48.333333 -0.239506
10.333333 51.666667 -0.131561
10.333333 55.000000 -0.560349
10.333333 58.333333 -0.516884
10.333333 61.666667 -0.620356
10.333333 65.000000 -0.802882
10.333333 68.333333 -0.428286
10.333333 71.666667 -0.774832
10.333333 75.000000 -0.651570
10.333333 78.333333 -1.062836
10.333333 81.666667 -0.863023
10.333333 85.000000 -0.936105
10.333333 88.333333 -0.924888
10.333333 91.666667 -0.947913
10.333333 95.000000 -1.056724
10.333333 98.333333 -0.726397

11.000000 1.666667 4.137175
11.000000 5.000000 3.764483
11.000000 8.333333 2.457793
11.000000 11.666667 2.656233
11.000000 15.000000 1.624562
11.000000 18.333333 1.548789
11.000000 21.666667 1.090682
11.000000 25.000000 0.917094
11.000000 28.333333 0.629657
11.000000 31.666667 0.388031
11.000000 35.000000 0.461125
11.000000 38.333333 0.535986
11.000000 41.666667 0.051413
11.000000 45.000000 -0.125504
11.000000 48.333333 -0.229514
11.000000 51.666667 -0.109837
11.000000 55.000000 -0.314261
11.000000 58.333333 -0.511550
11.000000 61.666667 -0.550029
11.000000 65.000000 -0.664807
11.000000 68.333333 -0.380350
11.000000 71.666667 -0.236249
11.000000 75.000000 -0.271690
11.000000 78.333333 -0.466511
11.000000 81.666667 -0.827332
11.000000 85.000000 -0.834217
11.000000 88.333333 -0.741369
11.000000 91.666667 -0.983402
11.000000 95.000000 -0.654415
11.000000 98.333333 -0.820149

11.666667 1.666667 3.940888
11.666667 5.000000 3.789745
11.666667 8.333333 3.919678
11.666667 11.666667 2.693333
11.666667 15.000000 1.969852
11.666667 18.333333 1.858238
11.666667 21.666667 1.545488
11.666667 25.000000 1.425539
11.666667 28.333333 0.995782
11.666667 31.666667 0.582174
11.666667 35.000000 0.991188
11.666667 38.333333 0.386857
11.666667 41.666667 0.053656
11.666667 45.000000 0.299520
11.666667 48.333333 -0.212988
11.666667 51.666667 0.009046
11.666667 55.000000 -0.007873
11.666667 58.333333 -0.268249
11.666667 61.666667 -0.274728
11.666667 65.000000 -0.316966
11.666667 68.333333 -0.154618
11.666667 71.666667 -0.377750
11.666667 75.000000 -0.493888
11.666667 78.333333 -0.634370
11.666667 81.666667 -0.415406
11.666667 85.000000 -0.492156
11.666667 88.333333 -0.791508
11.666667 91.666667 -0.906900
11.666667 95.000000 -0.888264
11.666667 98.333333 -0.488096

12.333333 1.666667 3.698794
12.333333 5.000000 4.062155
12.333333 8.333333 2.770457
12.333333 11.666667 2.972193
12.333333 15.000000 2.458578
12.333333 18.333333 1.421143
12.333333 21.666667 0.984852
12.333333 25.000000 1.465790
12.333333 28.333333 1.188538
12.333333 31.666667 0.868146
12.333333 35.000000 1.001617
12.333333 38.333333 0.273800
12.333333 41.666667 0.113172
12.333333 45.000000 0.901248
12.333333 48.333333 -0.066877
12.333333 51.666667 0.065116
12.333333 55.000000 -0.158231
12.333333 58.333333 0.080393
12.333333 61.666667 -0.750541
12.333333 65.000000 -0.012730
12.333333 68.333333 -0.198817
12.333333 71.666667 -0.014271
12.333333 75.000000 -0.207765
12.333333 78.333333 -0.433572
12.333333 81.666667 -0.376548
12.333333 85.000000 -0.554070
12.333333 88.333333 -0.861426
12.333333 91.666667 -0.280688
12.333333 95.000000 -0.644410
12.333333 98.333333 -0.577291

13.000000 1.666667 3.896411
13.000000 5.000000 3.837843
13.000000 8.333333 2.669496
13.000000 11.666667 2.309425
13.000000 15.000000 2.260402
13.000000 18.333333 1.930457
13.000000 21.666667 1.787758
13.000000 25.000000 1.382224
13.000000 28.333333 0.965659
13.000000 31.666667 1.409228
13.000000 35.000000 0.650503
13.000000 38.333333 0.654806
13.000000 41.666667 0.054683
13.000000 45.000000 0.968278
13.000000 48.333333 0.271077
13.000000 51.666667 0.387424
13.000000 55.000000 -0.051767
13.000000 58.333333 0.068546
13.000000 61.666667 -0.270772
13.000000 65.000000 -0.293404
13.000000 68.333333 -0.175569
13.000000 71.666667 -0.279956
13.000000 75.000000 -0.161508
13.000000 78.333333 -0.207815
13.000000 81.666667 -0.358192
13.000000 85.000000 -0.397254
13.000000 88.333333 -0.865805
13.000000 91.666667 -0.433628
13.000000 95.000000 -0.671648
13.000000 98.333333 -0.723708

13.666667 1.666667 4.331839
13.666667 5.000000 3.365864
13.666667 8.333333 3.377740
13.666667 11.666667 2.398626
13.666667 15.000000 2.162784
13.666667 18.333333 1.816793
13.666667 21.666667 1.365562
13.666667 25.000000 2.127501
13.666667 28.333333 0.994550
13.666667 31.666667 1.197932
13.666667 35.000000 1.171564
13.666667 38.333333 1.173352
13.666667 41.666667 0.611898
13.666667 45.000000 0.670967
13.666667 48.333333 -0.423557
13.666667 51.666667 0.229259
13.666667 55.000000 -0.391702
13.666667 58.333333 1.155692
13.666667 61.666667 -0.140091
13.666667 65.000000 0.184329
13.666667 68.333333 -0.396275
13.666667 71.666667 -0.024324
13.666667 75.000000 -0.222814
13.666667 78.333333 -0.197756
13.666667 81.666667 -0.356190
13.666667 85.000000 -0.574770
13.666667 88.333333 -0.286608
13.666667 91.666667 -0.231405
13.666667 95.000000 -0.624419
13.666667 98.333333 -0.433641

14.333333 1.666667 5.063324
14.333333 5.000000 4.352211
14.333333 8.333333 2.623378
14.333333 11.666667 3.369175
14.333333 15.000000 2.856289
14.333333 18.333333 2.120913
14.333333 21.666667 2.414596
14.333333 25.000000 2.056930
14.333333 28.333333 1.019902
14.333333 31.666667 1.146129
14.333333 35.000000 0.532630
14.333333 38.333333 0.369639
14.333333 41.666667 0.189513
14.333333 45.000000 0.350772
14.333333 48.333333 1.135085
14.333333 51.666667 0.123057
14.333333 55.000000 -0.009752
14.333333 58.333333 0.036111
14.333333 61.666667 0.308748
14.333333 65.000000 0.118344
14.333333 68.333333 -0.340132
14.333333 71.666667 -0.036226
14.333333 75.000000 -0.129691
14.333333 78.333333 -0.766369
14.333333 81.666667 -0.286267
14.333333 85.000000 -0.709319
14.333333 88.333333 -0.675658
14.333333 91.666667 -1.226367
14.333333 95.000000 -0.756481
14.333333 98.333333 -0.536853

15.000000 1.666667 3.987648
15.000000 5.000000 3.274565
15.000000 8.333333 3.568135
15.000000 11.666667 2.716526
15.000000 15.000000 2.122788
15.000000 18.333333 2.412651
15.000000 21.666667 2.058384
15.000000 25.000000 1.917560
15.000000 28.333333 1.328089
15.000000 31.666667 0.665449
15.000000 35.000000 1.114951
15.000000 38.333333 0.174625
15.000000 41.666667 0.776664
15.000000 45.000000 0.609035
15.000000 48.333333 0.376265
15.000000 51.666667 0.619460
15.000000 55.000000 0.267807
15.000000 58.333333 -0.048380
15.000000 61.666667 -0.496090
15.000000 65.000000 0.331184
15.000000 68.333333 -0.514858
15.000000 71.666667 0.302239
15.000000 75.000000 -0.364386
15.000000 78.333333 -0.173891
15.000000 81.666667 -0.581318
15.000000 85.000000 -0.495144
15.000000 88.333333 -0.721749
15.000000 91.666667 -0.567396
15.000000 95.000000 -0.714326
15.000000 98.333333 -0.124751

15.666667 1.666667 3.916942
15.666667 5.000000 3.173566
15.666667 8.333333 2.907621
15.666667 11.666667 2.538788
15.666667 15.000000 2.158348
15.666667 18.333333 1.325509
15.666667 21.666667 1.924205
15.666667 25.000000 1.313643
15.666667 28.333333 0.703100
15.666667 31.666667 0.975792
15.666667 35.000000 1.009234
15.666667 38.333333 1.080094
15.666667 41.666667 0.852792
15.666667 45.000000 0.695490
15.666667 48.333333 0.387571
15.666667 51.666667 0.291672
15.666667 55.000000 -0.810441
15.666667 58.333333 0.229150
15.666667 61.666667 -0.373119
15.666667 65.000000 -0.141614
15.666667 68.333333 -0.031292
15.666667 71.666667 0.204838
15.666667 75.000000 -0.302755
15.666667 78.333333 0.028761
15.666667 81.666667 -0.531386
15.666667 85.000000 -0.523362
15.666667 88.333333 0.072549
15.666667 91.666667 -0.261361
15.666667 95.000000 -0.357151
15.666667 98.333333 0.089512

16.333333 1.666667 4.841151
16.333333 5.000000 2.697852
16.333333 8.333333 3.092903
16.333333 11.666667 2.727597
16.333333 15.000000 2.890132
16.333333 18.333333 2.494793
16.333333 21.666667 1.122825
16.333333 25.000000 0.686244
16.333333 28.333333 2.402612
16.333333 31.666667 0.704951
16.333333 35.000000 1.368052
16.333333 38.333333 0.815211
16.333333 41.666667 1.157777
16.333333 45.000000 0.662405
16.333333 48.333333 0.177921
16.333333 51.666667 0.428166
16.333333 55.000000 0.271118
16.333333 58.333333 0.148161
16.333333 61.666667 -0.670969
16.333333 65.000000 0.562313
16.333333 68.333333 0.374055
16.333333 71.666667 -0.143963
16.333333 75.000000 -0.180613
16.333333 78.333333 -0.387747
16.333333 81.666667 -0.547265
16.333333 85.000000 -0.196961
16.333333 88.333333 -0.253731
16.333333 91.666667 -0.603777
16.333333 95.000000 -0.420315
16.333333 98.333333 -0.202061

17.000000 1.666667 4.032993
17.000000 5.000000 4.102488
17.000000 8.333333 5.929184
17.000000 11.666667 2.978320
17.000000 15.000000 3.511115
17.000000 18.333333 2.028444
17.000000 21.666667 2.034949
17.000000 25.000000 2.544125
17.000000 28.333333 1.553821
17.000000 31.666667 0.630671
17.000000 35.000000 1.042826
17.000000 38.333333 0.896377
17.000000 41.666667 0.225303
17.000000 45.000000 0.499890
17.000000 48.333333 0.471535
17.000000 51.666667 -0.004153
17.000000 55.000000 0.051430
17.000000 58.333333 0.652323
17.000000 61.666667 -0.287620
17.000000 65.000000 0.280267
17.000000 68.333333 0.294679
17.000000 71.666667 -0.358062
17.000000 75.000000 -0.112921
17.000000 78.333333 0.715349
17.000000 81.666667 -0.584598
17.000000 85.000000 -0.383812
17.000000 88.333333 -0.456489
17.000000 91.666667 -0.488099
17.000000 95.000000 -0.281247
17.000000 98.333333 -0.080079

17.666667 1.666667 3.258425
17.666667 5.000000 4.443533
17.666667 8.333333 3.152257
17.666667 11.666667 2.547972
17.666667 15.000000 1.666522
17.666667 18.333333 2.136599
17.666667 21.666667 1.847516
17.666667 25.000000 1.557760
17.666667 28.333333 1.857031
17.666667 31.666667 1.150761
17.666667 35.000000 1.061620
17.666667 38.333333 0.695405
17.666667 41.666667 0.842128
17.666667 45.000000 0.438295
17.666667 48.333333 0.450201
17.666667 51.666667 0.036260
17.666667 55.000000 0.352089
17.666667 58.333333 0.744809
17.666667 61.666667 0.414125
17.666667 65.000000 0.078795
17.666667 68.333333 -0.188363
17.666667 71.666667 0.175059
17.666667 75.000000 0.157926
17.666667 78.333333 -0.901552
17.666667 81.666667 -0.078699
17.666667 85.000000 -0.009314
17.666667 88.333333 -0.120235
17.666667 91.666667 0.319697
17.666667 95.000000 -0.494765
17.666667 98.333333 -0.023917

18.333333 1.666667 2.882178
18.333333 5.000000 2.739908
18.333333 8.333333 4.104119
18.333333 11.666667 3.653765
18.333333 15.000000 3.046861
18.333333 18.333333 1.921261
18.333333 21.666667 2.373910
18.333333 25.000000 1.942710
18.333333 28.333333 1.505488
18.333333 31.666667 1.722059
18.333333 35.000000 1.995147
18.333333 38.333333 0.383802
18.333333 41.666667 1.221175
18.333333 45.000000 0.462729
18.333333 48.333333 0.560298
18.333333 51.666667 1.003345
18.333333 55.000000 0.696880
18.333333 58.333333 0.155564
18.333333 61.666667 0.501597
18.333333 65.000000 0.472245
18.333333 68.333333 0.960192
18.333333 71.666667 0.512772
18.333333 75.000000 0.345500
18.333333 78.333333 -0.165333
18.333333 81.666667 0.014413
18.333333 85.000000 -0.006007
18.333333 88.333333 -0.162938
18.333333 91.666667 -0.585625
18.333333 95.000000 0.081092
18.333333 98.333333 -0.220563

19.000000 1.666667 4.923804
19.000000 5.000000 4.102471
19.000000 8.333333 2.925502
19.000000 11.666667 2.547902
19.000000 15.000000 1.871210
19.000000 18.333333 2.342377
19.000000 21.666667 1.679001
19.000000 25.000000 2.357219
19.000000 28.333333 2.697907
19.000000 31.666667 1.176135
19.000000 35.000000 0.974088
19.000000 38.333333 1.110899
19.000000 41.666667 0.736292
19.000000 45.000000 0.457485
19.000000 48.333333 1.551138
19.000000 51.666667 0.395792
19.000000 55.000000 -0.118885
19.000000 58.333333 0.589279
19.000000 61.666667 1.052331
19.000000 65.000000 0.789330
19.000000 68.333333 -0.185283
19.000000 71.666667 -0.186410
19.000000 75.000000 -0.004910
19.000000 78.333333 0.123503
19.000000 81.666667 -0.048314
19.000000 85.000000 0.315557
19.000000 88.333333 -0.145576
19.000000 91.666667 0.132673
19.000000 95.000000 -0.160181
19.000000 98.333333 -0.179684

19.666667 1.666667 4.049741
19.666667 5.000000 3.425400
19.666667 8.333333 3.288514
19.666667 11.666667 2.419962
19.666667 15.000000 2.501166
19.666667 18.333333 2.764570
19.666667 21.666667 1.175843
19.666667 25.000000 2.468843
19.666667 28.333333 2.492843
19.666667 31.666667 1.719083
19.666667 35.000000 1.807081
19.666667 38.333333 1.802862
19.666667 41.666667 0.330179
19.666667 45.000000 0.981270
19.666667 48.333333 0.667491
19.666667 51.666667 0.646142
19.666667 55.000000 0.847842
19.666667 58.333333 0.441399
19.666667 61.666667 0.284884
19.666667 65.000000 0.430783
19.666667 68.333333 0.278283
19.666667 71.666667 0.874028
19.666667 75.000000 -0.152673
19.666667 78.333333 0.542286
19.666667 81.666667 -0.480669
19.666667 85.000000 0.668007
19.666667 88.333333 -0.190775
19.666667 91.666667 -0.366711
19.666667 95.000000 -0.357922
19.666667 98.333333 0.416020

