0.016667 0.016667 0.000678
0.016667 0.050000 -0.008163
0.016667 0.083333 -0.013474
0.016667 0.116667 -0.019642
0.016667 0.150000 -0.023669
0.016667 0.183333 -0.031626
0.016667 0.216667 -0.030198
0.016667 0.250000 -0.035636
0.016667 0.283333 -0.039465
0.016667 0.316667 -0.038325
0.016667 0.350000 -0.041428
0.016667 0.383333 -0.043859
0.016667 0.416667 -0.052335
0.016667 0.450000 -0.054881
0.016667 0.483333 -0.049465
0.016667 0.516667 -0.050749
0.016667 0.550000 -0.052092
0.016667 0.583333 -0.049973
0.016667 0.616667 -0.052714
0.016667 0.650000 -0.047424
0.016667 0.683333 -0.070624
0.016667 0.716667 -0.065707
0.016667 0.750000 -0.066758
0.016667 0.783333 -0.062311
0.016667 0.816667 -0.069850
0.016667 0.850000 -0.067874
0.016667 0.883333 -0.070351
0.016667 0.916667 -0.066923
0.016667 0.950000 -0.071106
0.016667 0.983333 -0.059716

0.050000 0.016667 0.011558
0.050000 0.050000 0.011270
0.050000 0.083333 0.005992
0.050000 0.116667 0.000258
0.050000 0.150000 -0.005011
0.050000 0.183333 -0.007984
0.050000 0.216667 -0.011900
0.050000 0.250000 -0.012383
0.050000 0.283333 -0.016062
0.050000 0.316667 -0.019969
0.050000 0.350000 -0.020929
0.050000 0.383333 -0.021606
0.050000 0.416667 -0.035613
0.050000 0.450000 -0.031573
0.050000 0.483333 -0.034999
0.050000 0.516667 -0.033952
0.050000 0.550000 -0.032362
0.050000 0.583333 -0.038165
0.050000 0.616667 -0.041588
0.050000 0.650000 -0.033720
0.050000 0.683333 -0.046780
0.050000 0.716667 -0.053560
0.050000 0.750000 -0.049121
0.050000 0.783333 -0.051300
0.050000 0.816667 -0.049408
0.050000 0.850000 -0.056719
0.050000 0.883333 -0.056816
0.050000 0.916667 -0.061583
0.050000 0.950000 -0.053009
0.050000 0.983333 -0.060264

0.083333 0.016667 0.017483
0.083333 0.050000 0.023457
0.083333 0.083333 0.022991
0.083333 0.116667 0.018149
0.083333 0.150000 0.012659
0.083333 0.183333 0.010913
0.083333 0.216667 0.002843
0.083333 0.250000 -0.005136
0.083333 0.283333 -0.002262
0.083333 0.316667 -0.006592
0.083333 0.350000 -0.009837
0.083333 0.383333 -0.008272
0.083333 0.416667 -0.014691
0.083333 0.450000 -0.016249
0.083333 0.483333 -0.021330
0.083333 0.516667 -0.022806
0.083333 0.550000 -0.018049
0.083333 0.583333 -0.027204
0.083333 0.616667 -0.029108
0.083333 0.650000 -0.028458
0.083333 0.683333 -0.036098
0.083333 0.716667 -0.035777
0.083333 0.750000 -0.037528
0.083333 0.783333 -0.040774
0.083333 0.816667 -0.043437
0.083333 0.850000 -0.047398
0.083333 0.883333 -0.054009
0.083333 0.916667 -0.060853
0.083333 0.950000 -0.049574
0.083333 0.983333 -0.066569

0.116667 0.016667 0.023123
0.116667 0.050000 0.036202
0.116667 0.083333 0.037184
0.116667 0.116667 0.033238
0.116667 0.150000 0.025496
0.116667 0.183333 0.021772
0.116667 0.216667 0.017403
0.116667 0.250000 0.012339
0.116667 0.283333 0.005861
0.116667 0.316667 0.004530
0.116667 0.350000 0.004682
0.116667 0.383333 -0.003625
0.116667 0.416667 -0.009124
0.116667 0.450000 -0.011981
0.116667 0.483333 -0.012415
0.116667 0.516667 -0.010329
0.116667 0.550000 -0.017288
0.116667 0.583333 -0.019415
0.116667 0.616667 -0.021268
0.116667 0.650000 -0.026266
0.116667 0.683333 -0.032804
0.116667 0.716667 -0.029726
0.116667 0.750000 -0.040914
0.116667 0.783333 -0.028474
0.116667 0.816667 -0.037673
0.116667 0.850000 -0.047045
0.116667 0.883333 -0.044112
0.116667 0.916667 -0.049720
0.116667 0.950000 -0.054991
0.116667 0.983333 -0.057589

0.150000 0.016667 0.027552
0.150000 0.050000 0.049211
0.150000 0.083333 0.052021
0.150000 0.116667 0.042671
0.150000 0.150000 0.040420
0.150000 0.183333 0.035109
0.150000 0.216667 0.030391
0.150000 0.250000 0.023280
0.150000 0.283333 0.019167
0.150000 0.316667 0.016867
0.150000 0.350000 0.015808
0.150000 0.383333 0.006547
0.150000 0.416667 0.006761
0.150000 0.450000 -0.000274
0.150000 0.483333 -0.004188
0.150000 0.516667 -0.006317
0.150000 0.550000 -0.010115
0.150000 0.583333 -0.010285
0.150000 0.616667 -0.011750
0.150000 0.650000 -0.015513
0.150000 0.683333 -0.021668
0.150000 0.716667 -0.020981
0.150000 0.750000 -0.029198
0.150000 0.783333 -0.026738
0.150000 0.816667 -0.040116
0.150000 0.850000 -0.035826
0.150000 0.883333 -0.040609
0.150000 0.916667 -0.046203
0.150000 0.950000 -0.059650
0.150000 0.983333 -0.055974

0.183333 0.016667 0.027735
0.183333 0.050000 0.056320
0.183333 0.083333 0.061839
0.183333 0.116667 0.057168
0.183333 0.150000 0.052151
0.183333 0.183333 0.044144
0.183333 0.216667 0.042813
0.183333 0.250000 0.036918
0.183333 0.283333 0.030998
0.183333 0.316667 0.026755
0.183333 0.350000 0.021775
0.183333 0.383333 0.021295
0.183333 0.416667 0.010219
0.183333 0.450000 0.004714
0.183333 0.483333 0.006046
0.183333 0.516667 0.003894
0.183333 0.550000 -0.002256
0.183333 0.583333 -0.005147
0.183333 0.616667 -0.007858
0.183333 0.650000 -0.010009
0.183333 0.683333 -0.015582
0.183333 0.716667 -0.021602
0.183333 0.750000 -0.018050
0.183333 0.783333 -0.026626
0.183333 0.816667 -0.025859
0.183333 0.850000 -0.033925
0.183333 0.883333 -0.033856
0.183333 0.916667 -0.054809
0.183333 0.950000 -0.054835
0.183333 0.983333 -0.062718

0.216667 0.016667 0.032363
0.216667 0.050000 0.067153
0.216667 0.083333 0.073181
0.216667 0.116667 0.067799
0.216667 0.150000 0.063381
0.216667 0.183333 0.059721
0.216667 0.216667 0.051221
0.216667 0.250000 0.045164
0.216667 0.283333 0.042786
0.216667 0.316667 0.035625
0.216667 0.350000 0.032413
0.216667 0.383333 0.031675
0.216667 0.416667 0.021401
0.216667 0.450000 0.019613
0.216667 0.483333 0.011766
0.216667 0.516667 0.011215
0.216667 0.550000 0.004156
0.216667 0.583333 0.001856
0.216667 0.616667 -0.004307
0.216667 0.650000 -0.005969
0.216667 0.683333 -0.011139
0.216667 0.716667 -0.018439
0.216667 0.750000 -0.018191
0.216667 0.783333 -0.023116
0.216667 0.816667 -0.026233
0.216667 0.850000 -0.028319
0.216667 0.883333 -0.034236
0.216667 0.916667 -0.042461
0.216667 0.950000 -0.048408
0.216667 0.983333 -0.060775

0.250000 0.016667 0.035830
0.250000 0.050000 0.066649
0.250000 0.083333 0.075114
0.250000 0.116667 0.078787
0.250000 0.150000 0.076179
0.250000 0.183333 0.066485
0.250000 0.216667 0.063954
0.250000 0.250000 0.061605
0.250000 0.283333 0.049800
0.250000 0.316667 0.048292
0.250000 0.350000 0.038375
0.250000 0.383333 0.036948
0.250000 0.416667 0.028659
0.250000 0.450000 0.022521
0.250000 0.483333 0.023702
0.250000 0.516667 0.014657
0.250000 0.550000 0.011777
0.250000 0.583333 0.009169
0.250000 0.616667 0.002711
0.250000 0.650000 -0.000504
0.250000 0.683333 -0.004116
0.250000 0.716667 -0.011437
0.250000 0.750000 -0.007715
0.250000 0.783333 -0.011620
0.250000 0.816667 -0.020584
0.250000 0.850000 -0.024800
0.250000 0.883333 -0.032575
0.250000 0.916667 -0.037409
0.250000 0.950000 -0.045365
0.250000 0.983333 -0.058506

0.283333 0.016667 0.036507
0.283333 0.050000 0.066422
0.283333 0.083333 0.083851
0.283333 0.116667 0.086934
0.283333 0.150000 0.086441
0.283333 0.183333 0.078598
0.283333 0.216667 0.075209
0.283333 0.250000 0.066564
0.283333 0.283333 0.060809
0.283333 0.316667 0.057460
0.283333 0.350000 0.052458
0.283333 0.383333 0.045645
0.283333 0.416667 0.040712
0.283333 0.450000 0.036710
0.283333 0.483333 0.021185
0.283333 0.516667 0.024939
0.283333 0.550000 0.018641
0.283333 0.583333 0.015079
0.283333 0.616667 0.015347
0.283333 0.650000 0.007387
0.283333 0.683333 0.000077
0.283333 0.716667 -0.001373
0.283333 0.750000 -0.003227
0.283333 0.783333 -0.006816
0.283333 0.816667 -0.020535
0.283333 0.850000 -0.018565
0.283333 0.883333 -0.031043
0.283333 0.916667 -0.036706
0.283333 0.950000 -0.051105
0.283333 0.983333 -0.062593

0.316667 0.016667 0.037973
0.316667 0.050000 0.078805
0.316667 0.083333 0.095079
0.316667 0.116667 0.093523
0.316667 0.150000 0.094254
0.316667 0.183333 0.089761
0.316667 0.216667 0.085819
0.316667 0.250000 0.077994
0.316667 0.283333 0.074284
0.316667 0.316667 0.068216
0.316667 0.350000 0.062621
0.316667 0.383333 0.054867
0.316667 0.416667 0.049654
0.316667 0.450000 0.041700
0.316667 0.483333 0.038649
0.316667 0.516667 0.034364
0.316667 0.550000 0.024501
0.316667 0.583333 0.021040
0.316667 0.616667 0.018448
0.316667 0.650000 0.009012
0.316667 0.683333 0.008411
0.316667 0.716667 0.000660
0.316667 0.750000 -0.001943
0.316667 0.783333 -0.003713
0.316667 0.816667 -0.018511
0.316667 0.850000 -0.022821
0.316667 0.883333 -0.030533
0.316667 0.916667 -0.031031
0.316667 0.950000 -0.044048
0.316667 0.983333 -0.054084

0.350000 0.016667 0.039837
0.350000 0.050000 0.083719
0.350000 0.083333 0.096744
0.350000 0.116667 0.101736
0.350000 0.150000 0.098207
0.350000 0.183333 0.100976
0.350000 0.216667 0.095187
0.350000 0.250000 0.086867
0.350000 0.283333 0.083452
0.350000 0.316667 0.075966
0.350000 0.350000 0.071208
0.350000 0.383333 0.061534
0.350000 0.416667 0.055608
0.350000 0.450000 0.053868
0.350000 0.483333 0.040307
0.350000 0.516667 0.039884
0.350000 0.550000 0.033397
0.350000 0.583333 0.024197
0.350000 0.616667 0.021409
0.350000 0.650000 0.018573
0.350000 0.683333 0.012519
0.350000 0.716667 0.002323
0.350000 0.750000 -0.003806
0.350000 0.783333 0.002161
0.350000 0.816667 -0.009552
0.350000 0.850000 -0.017663
0.350000 0.883333 -0.016628
0.350000 0.916667 -0.022448
0.350000 0.950000 -0.039152
0.350000 0.983333 -0.061228

0.383333 0.016667 0.038180
0.383333 0.050000 0.083726
0.383333 0.083333 0.100054
0.383333 0.116667 0.106011
0.383333 0.150000 0.103952
0.383333 0.183333 0.108826
0.383333 0.216667 0.101242
0.383333 0.250000 0.096199
0.383333 0.283333 0.088882
0.383333 0.316667 0.082996
0.383333 0.350000 0.079171
0.383333 0.383333 0.083405
0.383333 0.416667 0.059555
0.383333 0.450000 0.058653
0.383333 0.483333 0.054392
0.383333 0.516667 0.044244
0.383333 0.550000 0.039800
0.383333 0.583333 0.034676
0.383333 0.616667 0.029261
0.383333 0.650000 0.022058
0.383333 0.683333 0.020889
0.383333 0.716667 0.007283
0.383333 0.750000 0.008861
0.383333 0.783333 0.002966
0.383333 0.816667 -0.008624
0.383333 0.850000 -0.010442
0.383333 0.883333 -0.013233
0.383333 0.916667 -0.021266
0.383333 0.950000 -0.034797
0.383333 0.983333 -0.042776

0.416667 0.016667 0.043563
0.416667 0.050000 0.085685
0.416667 0.083333 0.104924
0.416667 0.116667 0.119163
0.416667 0.150000 0.119749
0.416667 0.183333 0.117817
0.416667 0.216667 0.111629
0.416667 0.250000 0.099204
0.416667 0.283333 0.096535
0.416667 0.316667 0.088608
0.416667 0.350000 0.085854
0.416667 0.383333 0.077878
0.416667 0.416667 0.073606
0.416667 0.450000 0.068496
0.416667 0.483333 0.062118
0.416667 0.516667 0.053643
0.416667 0.550000 0.046444
0.416667 0.583333 0.038606
0.416667 0.616667 0.038369
0.416667 0.650000 0.030094
0.416667 0.683333 0.024445
0.416667 0.716667 0.019064
0.416667 0.750000 0.011879
0.416667 0.783333 0.004890
0.416667 0.816667 -0.002844
0.416667 0.850000 -0.005688
0.416667 0.883333 -0.011518
0.416667 0.916667 -0.017832
0.416667 0.950000 -0.025554
0.416667 0.983333 -0.041374

0.450000 0.016667 0.041756
0.450000 0.050000 0.087322
0.450000 0.083333 0.114433
0.450000 0.116667 0.121884
0.450000 0.150000 0.118026
0.450000 0.183333 0.119771
0.450000 0.216667 0.115635
0.450000 0.250000 0.111428
0.450000 0.283333 0.106021
0.450000 0.316667 0.096372
0.450000 0.350000 0.092323
0.450000 0.383333 0.083854
0.450000 0.416667 0.075089
0.450000 0.450000 0.072892
0.450000 0.483333 0.069696
0.450000 0.516667 0.058405
0.450000 0.550000 0.055119
0.450000 0.583333 0.047292
0.450000 0.616667 0.043617
0.450000 0.650000 0.037850
0.450000 0.683333 0.026389
0.450000 0.716667 0.023065
0.450000 0.750000 0.014366
0.450000 0.783333 0.011043
0.450000 0.816667 0.004594
0.450000 0.850000 -0.000875
0.450000 0.883333 -0.009099
0.450000 0.916667 -0.012853
0.450000 0.950000 -0.029741
0.450000 0.983333 -0.049728

0.483333 0.016667 0.044801
0.483333 0.050000 0.098764
0.483333 0.083333 0.119350
0.483333 0.116667 0.126786
0.483333 0.150000 0.129702
0.483333 0.183333 0.132961
0.483333 0.216667 0.122444
0.483333 0.250000 0.123646
0.483333 0.283333 0.118307
0.483333 0.316667 0.110370
0.483333 0.350000 0.100621
0.483333 0.383333 0.092210
0.483333 0.416667 0.083872
0.483333 0.450000 0.083685
0.483333 0.483333 0.073686
0.483333 0.516667 0.066647
0.483333 0.550000 0.055927
0.483333 0.583333 0.052893
0.483333 0.616667 0.046025
0.483333 0.650000 0.041317
0.483333 0.683333 0.036029
0.483333 0.716667 0.028014
0.483333 0.750000 0.021483
0.483333 0.783333 0.016792
0.483333 0.816667 0.004976
0.483333 0.850000 -0.002031
0.483333 0.883333 -0.006777
0.483333 0.916667 -0.011035
0.483333 0.950000 -0.027405
0.483333 0.983333 -0.032748

0.516667 0.016667 0.041192
0.516667 0.050000 0.093936
0.516667 0.083333 0.129263
0.516667 0.116667 0.135379
0.516667 0.150000 0.139795
0.516667 0.183333 0.133814
0.516667 0.216667 0.130948
0.516667 0.250000 0.127200
0.516667 0.283333 0.122067
0.516667 0.316667 0.120508
0.516667 0.350000 0.109155
0.516667 0.383333 0.104710
0.516667 0.416667 0.090338
0.516667 0.450000 0.087664
0.516667 0.483333 0.082208
0.516667 0.516667 0.074558
0.516667 0.550000 0.060698
0.516667 0.583333 0.056973
0.516667 0.616667 0.051738
0.516667 0.650000 0.043035
0.516667 0.683333 0.037530
0.516667 0.716667 0.029855
0.516667 0.750000 0.029708
0.516667 0.783333 0.018899
0.516667 0.816667 0.014070
0.516667 0.850000 0.004731
0.516667 0.883333 -0.010235
0.516667 0.916667 -0.011750
0.516667 0.950000 -0.025526
0.516667 0.983333 -0.062213

0.550000 0.016667 0.046146
0.550000 0.050000 0.102378
0.550000 0.083333 0.124292
0.550000 0.116667 0.136745
0.550000 0.150000 0.144349
0.550000 0.183333 0.144909
0.550000 0.216667 0.141697
0.550000 0.250000 0.129226
0.550000 0.283333 0.133410
0.550000 0.316667 0.123759
0.550000 0.350000 0.112767
0.550000 0.383333 0.109717
0.550000 0.416667 0.096448
0.550000 0.450000 0.095780
0.550000 0.483333 0.090075
0.550000 0.516667 0.077039
0.550000 0.550000 0.065737
0.550000 0.583333 0.062081
0.550000 0.616667 0.056626
0.550000 0.650000 0.052177
0.550000 0.683333 0.040595
0.550000 0.716667 0.038255
0.550000 0.750000 0.030431
0.550000 0.783333 0.025440
0.550000 0.816667 0.013392
0.550000 0.850000 0.007006
0.550000 0.883333 0.000749
0.550000 0.916667 -0.008844
0.550000 0.950000 -0.020526
0.550000 0.983333 -0.035002

0.583333 0.016667 0.045897
0.583333 0.050000 0.095590
0.583333 0.083333 0.130902
0.583333 0.116667 0.140272
0.583333 0.150000 0.147539
0.583333 0.183333 0.149829
0.583333 0.216667 0.148709
0.583333 0.250000 0.145077
0.583333 0.283333 0.142491
0.583333 0.316667 0.128092
0.583333 0.350000 0.117942
0.583333 0.383333 0.113680
0.583333 0.416667 0.110179
0.583333 0.450000 0.100788
0.583333 0.483333 0.094340
0.583333 0.516667 0.089512
0.583333 0.550000 0.075640
0.583333 0.583333 0.068444
0.583333 0.616667 0.058206
0.583333 0.650000 0.055112
0.583333 0.683333 0.051827
0.583333 0.716667 0.037771
0.583333 0.750000 0.038052
0.583333 0.783333 0.027075
0.583333 0.816667 0.019622
0.583333 0.850000 0.008730
0.583333 0.883333 0.005445
0.583333 0.916667 0.001140
0.583333 0.950000 -0.009641
0.583333 0.983333 -0.048133

0.616667 0.016667 0.047644
0.616667 0.050000 0.106907
0.616667 0.083333 0.134313
0.616667 0.116667 0.145029
0.616667 0.150000 0.152434
0.616667 0.183333 0.160072
0.616667 0.216667 0.153332
0.616667 0.250000 0.148062
0.616667 0.283333 0.147832
0.616667 0.316667 0.137425
0.616667 0.350000 0.132224
0.616667 0.383333 0.117370
0.616667 0.416667 0.114419
0.616667 0.450000 0.107063
0.616667 0.483333 0.096800
0.616667 0.516667 0.088642
0.616667 0.550000 0.083875
0.616667 0.583333 0.077069
0.616667 0.616667 0.063851
0.616667 0.650000 0.058805
0.616667 0.683333 0.055083
0.616667 0.716667 0.047146
0.616667 0.750000 0.038246
0.616667 0.783333 0.033456
0.616667 0.816667 0.023549
0.616667 0.850000 0.019080
0.616667 0.883333 0.010338
0.616667 0.916667 0.002702
0.616667 0.950000 -0.011297
0.616667 0.983333 -0.035288

0.650000 0.016667 0.044847
0.650000 0.050000 0.104367
0.650000 0.083333 0.134421
0.650000 0.116667 0.151674
0.650000 0.150000 0.158485
0.650000 0.183333 0.168611
0.650000 0.216667 0.159354
0.650000 0.250000 0.160045
0.650000 0.283333 0.145867
0.650000 0.316667 0.138004
0.650000 0.350000 0.143629
0.650000 0.383333 0.122196
0.650000 0.416667 0.117194
0.650000 0.450000 0.115832
0.650000 0.483333 0.103461
0.650000 0.516667 0.098781
0.650000 0.550000 0.089942
0.650000 0.583333 0.078387
0.650000 0.616667 0.068461
0.650000 0.650000 0.064259
0.650000 0.683333 0.056770
0.650000 0.716667 0.048120
0.650000 0.750000 0.040144
0.650000 0.783333 0.037275
0.650000 0.816667 0.035124
0.650000 0.850000 0.020469
0.650000 0.883333 0.006819
0.650000 0.916667 0.007151
0.650000 0.950000 -0.007797
0.650000 0.983333 -0.045202

0.683333 0.016667 0.047751
0.683333 0.050000 0.111208
0.683333 0.083333 0.145817
0.683333 0.116667 0.150886
0.683333 0.150000 0.163459
0.683333 0.183333 0.157605
0.683333 0.216667 0.158419
0.683333 0.250000 0.160907
0.683333 0.283333 0.162433
0.683333 0.316667 0.157390
0.683333 0.350000 0.142220
0.683333 0.383333 0.130748
0.683333 0.416667 0.126286
0.683333 0.450000 0.116614
0.683333 0.483333 0.109487
0.683333 0.516667 0.102714
0.683333 0.550000 0.090713
0.683333 0.583333 0.082448
0.683333 0.616667 0.074198
0.683333 0.650000 0.073424
0.683333 0.683333 0.060782
0.683333 0.716667 0.051302
0.683333 0.750000 0.045156
0.683333 0.783333 0.038849
0.683333 0.816667 0.034655
0.683333 0.850000 0.024631
0.683333 0.883333 0.019148
0.683333 0.916667 0.006405
0.683333 0.950000 0.004965
0.683333 0.983333 -0.007069

0.716667 0.016667 0.046028
0.716667 0.050000 0.110376
0.716667 0.083333 0.144269
0.716667 0.116667 0.158641
0.716667 0.150000 0.171147
0.716667 0.183333 0.176418
0.716667 0.216667 0.169708
0.716667 0.250000 0.162441
0.716667 0.283333 0.162593
0.716667 0.316667 0.161348
0.716667 0.350000 0.148142
0.716667 0.383333 0.140485
0.716667 0.416667 0.125838
0.716667 0.450000 0.121332
0.716667 0.483333 0.113769
0.716667 0.516667 0.107638
0.716667 0.550000 0.100730
0.716667 0.583333 0.095052
0.716667 0.616667 0.079994
0.716667 0.650000 0.069640
0.716667 0.683333 0.066685
0.716667 0.716667 0.055790
0.716667 0.750000 0.052776
0.716667 0.783333 0.046421
0.716667 0.816667 0.033190
0.716667 0.850000 0.023727
0.716667 0.883333 0.019090
0.716667 0.916667 0.011088
0.716667 0.950000 0.002315
0.716667 0.983333 -0.017972

0.750000 0.016667 0.046991
0.750000 0.050000 0.113085
0.750000 0.083333 0.146919
0.750000 0.116667 0.162293
0.750000 0.150000 0.173971
0.750000 0.183333 0.176885
0.750000 0.216667 0.181764
0.750000 0.250000 0.174124
0.750000 0.283333 0.170514
0.750000 0.316667 0.161421
0.750000 0.350000 0.155062
0.750000 0.383333 0.147871
0.750000 0.416667 0.140974
0.750000 0.450000 0.132037
0.750000 0.483333 0.122013
0.750000 0.516667 0.109402
0.750000 0.550000 0.104504
0.750000 0.583333 0.092015
0.750000 0.616667 0.083928
0.750000 0.650000 0.080848
0.750000 0.683333 0.069553
0.750000 0.716667 0.063118
0.750000 0.750000 0.054054
0.750000 0.783333 0.046422
0.750000 0.816667 0.041131
0.750000 0.850000 0.028809
0.750000 0.883333 0.018123
0.750000 0.916667 0.013651
0.750000 0.950000 0.008610
0.750000 0.983333 -0.009346

0.783333 0.016667 0.048455
0.783333 0.050000 0.113423
0.783333 0.083333 0.149039
0.783333 0.116667 0.161813
0.783333 0.150000 0.180214
0.783333 0.183333 0.183232
0.783333 0.216667 0.190969
0.783333 0.250000 0.182320
0.783333 0.283333 0.173821
0.783333 0.316667 0.164861
0.783333 0.350000 0.155931
0.783333 0.383333 0.149543
0.783333 0.416667 0.143427
0.783333 0.450000 0.134886
0.783333 0.483333 0.129684
0.783333 0.516667 0.117026
0.783333 0.550000 0.108475
0.783333 0.583333 0.103842
0.783333 0.616667 0.089453
0.783333 0.650000 0.085213
0.783333 0.683333 0.078255
0.783333 0.716667 0.064441
0.783333 0.750000 0.059834
0.783333 0.783333 0.051737
0.783333 0.816667 0.042704
0.783333 0.850000 0.034240
0.783333 0.883333 0.027123
0.783333 0.916667 0.015869
0.783333 0.950000 -0.003393
0.783333 0.983333 -0.015764

0.816667 0.016667 0.044475
0.816667 0.050000 0.111214
0.816667 0.083333 0.163806
0.816667 0.116667 0.163527
0.816667 0.150000 0.179860
0.816667 0.183333 0.187166
0.816667 0.216667 0.192167
0.816667 0.250000 0.182166
0.816667 0.283333 0.182009
0.816667 0.316667 0.173043
0.816667 0.350000 0.170011
0.816667 0.383333 0.161826
0.816667 0.416667 0.144615
0.816667 0.450000 0.138681
0.816667 0.483333 0.128995
0.816667 0.516667 0.123397
0.816667 0.550000 0.114360
0.816667 0.583333 0.102077
0.816667 0.616667 0.089813
0.816667 0.650000 0.087077
0.816667 0.683333 0.077251
0.816667 0.716667 0.070206
0.816667 0.750000 0.061839
0.816667 0.783333 0.054078
0.816667 0.816667 0.047273
0.816667 0.850000 0.037981
0.816667 0.883333 0.026513
0.816667 0.916667 0.020236
0.816667 0.950000 0.009223
0.816667 0.983333 -0.013295

0.850000 0.016667 0.045435
0.850000 0.050000 0.112518
0.850000 0.083333 0.147384
0.850000 0.116667 0.168976
0.850000 0.150000 0.183885
0.850000 0.183333 0.191794
0.850000 0.216667 0.194515
0.850000 0.250000 0.185861
0.850000 0.283333 0.181109
0.850000 0.316667 0.178782
0.850000 0.350000 0.177814
0.850000 0.383333 0.162225
0.850000 0.416667 0.151265
0.850000 0.450000 0.147761
0.850000 0.483333 0.139653
0.850000 0.516667 0.131350
0.850000 0.550000 0.118823
0.850000 0.583333 0.106859
0.850000 0.616667 0.105969
0.850000 0.650000 0.091641
0.850000 0.683333 0.084613
0.850000 0.716667 0.074920
0.850000 0.750000 0.065967
0.850000 0.783333 0.057426
0.850000 0.816667 0.046632
0.850000 0.850000 0.039731
0.850000 0.883333 0.031780
0.850000 0.916667 0.018874
0.850000 0.950000 0.012473
0.850000 0.983333 -0.032918

0.883333 0.016667 0.046358
0.883333 0.050000 0.115514
0.883333 0.083333 0.155909
0.883333 0.116667 0.183592
0.883333 0.150000 0.188057
0.883333 0.183333 0.199137
0.883333 0.216667 0.194734
0.883333 0.250000 0.190700
0.883333 0.283333 0.196336
0.883333 0.316667 0.188800
0.883333 0.350000 0.177374
0.883333 0.383333 0.165616
0.883333 0.416667 0.156698
0.883333 0.450000 0.148383
0.883333 0.483333 0.147976
0.883333 0.516667 0.131369
0.883333 0.550000 0.122545
0.883333 0.583333 0.113172
0.883333 0.616667 0.108467
0.883333 0.650000 0.096538
0.883333 0.683333 0.086264
0.883333 0.716667 0.080511
0.883333 0.750000 0.066850
0.883333 0.783333 0.058133
0.883333 0.816667 0.052058
0.883333 0.850000 0.044588
0.883333 0.883333 0.033378
0.883333 0.916667 0.027015
0.883333 0.950000 0.010401
0.883333 0.983333 0.006162

0.916667 0.016667 0.048098
0.916667 0.050000 0.116376
0.916667 0.083333 0.156302
0.916667 0.116667 0.173661
0.916667 0.150000 0.195154
0.916667 0.183333 0.189709
0.916667 0.216667 0.204265
0.916667 0.250000 0.204640
0.916667 0.283333 0.188548
0.916667 0.316667 0.191852
0.916667 0.350000 0.182112
0.916667 0.383333 0.176278
0.916667 0.416667 0.160202
0.916667 0.450000 0.150549
0.916667 0.483333 0.146814
0.916667 0.516667 0.137779
0.916667 0.550000 0.125861
0.916667 0.583333 0.115387
0.916667 0.616667 0.111509
0.916667 0.650000 0.101781
0.916667 0.683333 0.083948
0.916667 0.716667 0.077864
0.916667 0.750000 0.073171
0.916667 0.783333 0.062668
0.916667 0.816667 0.055868
0.916667 0.850000 0.042002
0.916667 0.883333 0.036641
0.916667 0.916667 0.026610
0.916667 0.950000 0.014046
0.916667 0.983333 0.011893

0.950000 0.016667 0.048170
0.950000 0.050000 0.113429
0.950000 0.083333 0.166893
0.950000 0.116667 0.184155
0.950000 0.150000 0.188040
0.950000 0.183333 0.196263
0.950000 0.216667 0.200773
0.950000 0.250000 0.209218
0.950000 0.283333 0.200484
0.950000 0.316667 0.182377
0.950000 0.350000 0.180425
0.950000 0.383333 0.180016
0.950000 0.416667 0.173264
0.950000 0.450000 0.163766
0.950000 0.483333 0.151611
0.950000 0.516667 0.148902
0.950000 0.550000 0.134144
0.950000 0.583333 0.121938
0.950000 0.616667 0.108931
0.950000 0.650000 0.102354
0.950000 0.683333 0.094259
0.950000 0.716667 0.083481
0.950000 0.750000 0.072605
0.950000 0.783333 0.065226
0.950000 0.816667 0.054144
0.950000 0.850000 0.048298
0.950000 0.883333 0.038721
0.950000 0.916667 0.029367
0.950000 0.950000 0.017169
0.950000 0.983333 0.014406

0.983333 0.016667 0.045383
0.983333 0.050000 0.115905
0.983333 0.083333 0.161931
0.983333 0.116667 0.186293
0.983333 0.150000 0.199979
0.983333 0.183333 0.206464
0.983333 0.216667 0.198404
0.983333 0.250000 0.214151
0.983333 0.283333 0.207350
0.983333 0.316667 0.199061
0.983333 0.350000 0.183492
0.983333 0.383333 0.191088
0.983333 0.416667 0.176212
0.983333 0.450000 0.168287
0.983333 0.483333 0.158438
0.983333 0.516667 0.146204
0.983333 0.550000 0.129688
0.983333 0.583333 0.124444
0.983333 0.616667 0.114850
0.983333 0.650000 0.105377
0.983333 0.683333 0.096938
0.983333 0.716667 0.083865
0.983333 0.750000 0.079696
0.983333 0.783333 0.070999
0.983333 0.816667 0.057035
0.983333 0.850000 0.050482
0.983333 0.883333 0.040361
0.983333 0.916667 0.029937
0.983333 0.950000 0.018933
0.983333 0.983333 0.014888

