0.016667 0.016667 0.097910
0.016667 0.050000 -0.129130
0.016667 0.083333 -0.154716
0.016667 0.116667 -0.196341
0.016667 0.150000 -0.191674
0.016667 0.183333 -0.245560
0.016667 0.216667 -0.224908
0.016667 0.250000 -0.257350
0.016667 0.283333 -0.265554
0.016667 0.316667 -0.256987
0.016667 0.350000 -0.270393
0.016667 0.383333 -0.284629
0.016667 0.416667 -0.311843
0.016667 0.450000 -0.312361
0.016667 0.483333 -0.309046
0.016667 0.516667 -0.320668
0.016667 0.550000 -0.309879
0.016667 0.583333 -0.292201
0.016667 0.616667 -0.314638
0.016667 0.650000 -0.308526
0.016667 0.683333 -0.385357
0.016667 0.716667 -0.383021
0.016667 0.750000 -0.380454
0.016667 0.783333 -0.368832
0.016667 0.816667 -0.382898
0.016667 0.850000 -0.397891
0.016667 0.883333 -0.385114
0.016667 0.916667 -0.388466
0.016667 0.950000 -0.390993
0.016667 0.983333 -0.371758

0.050000 0.016667 0.551518
0.050000 0.050000 0.208899
0.050000 0.083333 0.109272
0.050000 0.116667 0.044577
0.050000 0.150000 0.007448
0.050000 0.183333 -0.007763
0.050000 0.216667 -0.044722
0.050000 0.250000 -0.040548
0.050000 0.283333 -0.055407
0.050000 0.316667 -0.085526
0.050000 0.350000 -0.097270
0.050000 0.383333 -0.102855
0.050000 0.416667 -0.169058
0.050000 0.450000 -0.165188
0.050000 0.483333 -0.172903
0.050000 0.516667 -0.170733
0.050000 0.550000 -0.175345
0.050000 0.583333 -0.199335
0.050000 0.616667 -0.211274
0.050000 0.650000 -0.175629
0.050000 0.683333 -0.238570
0.050000 0.716667 -0.260415
0.050000 0.750000 -0.256131
0.050000 0.783333 -0.258183
0.050000 0.816667 -0.276331
0.050000 0.850000 -0.284830
0.050000 0.883333 -0.310890
0.050000 0.916667 -0.322218
0.050000 0.950000 -0.306389
0.050000 0.983333 -0.317586

0.083333 0.016667 0.760518
0.083333 0.050000 0.367332
0.083333 0.083333 0.274546
0.083333 0.116667 0.191052
0.083333 0.150000 0.125920
0.083333 0.183333 0.105488
0.083333 0.216667 0.051765
0.083333 0.250000 0.003520
0.083333 0.283333 0.020402
0.083333 0.316667 -0.011988
0.083333 0.350000 -0.019213
0.083333 0.383333 -0.018856
0.083333 0.416667 -0.058593
0.083333 0.450000 -0.066086
0.083333 0.483333 -0.090991
0.083333 0.516667 -0.103060
0.083333 0.550000 -0.083324
0.083333 0.583333 -0.122751
0.083333 0.616667 -0.133080
0.083333 0.650000 -0.124504
0.083333 0.683333 -0.164324
0.083333 0.716667 -0.170077
0.083333 0.750000 -0.175537
0.083333 0.783333 -0.188607
0.083333 0.816667 -0.211243
0.083333 0.850000 -0.225765
0.083333 0.883333 -0.248373
0.083333 0.916667 -0.263146
0.083333 0.950000 -0.242092
0.083333 0.983333 -0.276377

0.116667 0.016667 0.875860
0.116667 0.050000 0.522647
0.116667 0.083333 0.380774
0.116667 0.116667 0.281653
0.116667 0.150000 0.196718
0.116667 0.183333 0.157645
0.116667 0.216667 0.120331
0.116667 0.250000 0.088817
0.116667 0.283333 0.054364
0.116667 0.316667 0.044872
0.116667 0.350000 0.042625
0.116667 0.383333 -0.002482
0.116667 0.416667 -0.026641
0.116667 0.450000 -0.037310
0.116667 0.483333 -0.041987
0.116667 0.516667 -0.035266
0.116667 0.550000 -0.066113
0.116667 0.583333 -0.072233
0.116667 0.616667 -0.082606
0.116667 0.650000 -0.104906
0.116667 0.683333 -0.114204
0.116667 0.716667 -0.124455
0.116667 0.750000 -0.140826
0.116667 0.783333 -0.112108
0.116667 0.816667 -0.146878
0.116667 0.850000 -0.176057
0.116667 0.883333 -0.176310
0.116667 0.916667 -0.201629
0.116667 0.950000 -0.204776
0.116667 0.983333 -0.223151

0.150000 0.016667 1.035290
0.150000 0.050000 0.660860
0.150000 0.083333 0.485770
0.150000 0.116667 0.325998
0.150000 0.150000 0.270103
0.150000 0.183333 0.214514
0.150000 0.216667 0.174142
0.150000 0.250000 0.126066
0.150000 0.283333 0.104542
0.150000 0.316667 0.087978
0.150000 0.350000 0.079363
0.150000 0.383333 0.037454
0.150000 0.416667 0.039221
0.150000 0.450000 0.007636
0.150000 0.483333 -0.006703
0.150000 0.516667 -0.017970
0.150000 0.550000 -0.029665
0.150000 0.583333 -0.033284
0.150000 0.616667 -0.040612
0.150000 0.650000 -0.053992
0.150000 0.683333 -0.074109
0.150000 0.716667 -0.077590
0.150000 0.750000 -0.098824
0.150000 0.783333 -0.089090
0.150000 0.816667 -0.131933
0.150000 0.850000 -0.125162
0.150000 0.883333 -0.130752
0.150000 0.916667 -0.149143
0.150000 0.950000 -0.199148
0.150000 0.983333 -0.195855

0.183333 0.016667 1.085800
0.183333 0.050000 0.720008
0.183333 0.083333 0.536227
0.183333 0.116667 0.397905
0.183333 0.150000 0.318662
0.183333 0.183333 0.239655
0.183333 0.216667 0.217120
0.183333 0.250000 0.174669
0.183333 0.283333 0.140618
0.183333 0.316667 0.118139
0.183333 0.350000 0.091084
0.183333 0.383333 0.089380
0.183333 0.416667 0.047610
0.183333 0.450000 0.026401
0.183333 0.483333 0.025282
0.183333 0.516667 0.017790
0.183333 0.550000 -0.003856
0.183333 0.583333 -0.016733
0.183333 0.616667 -0.024302
0.183333 0.650000 -0.029527
0.183333 0.683333 -0.047455
0.183333 0.716667 -0.063001
0.183333 0.750000 -0.057447
0.183333 0.783333 -0.082137
0.183333 0.816667 -0.077835
0.183333 0.850000 -0.102849
0.183333 0.883333 -0.104728
0.183333 0.916667 -0.160710
0.183333 0.950000 -0.163900
0.183333 0.983333 -0.177541

0.216667 0.016667 1.110556
0.216667 0.050000 0.844380
0.216667 0.083333 0.613716
0.216667 0.116667 0.447444
0.216667 0.150000 0.358782
0.216667 0.183333 0.301966
0.216667 0.216667 0.237025
0.216667 0.250000 0.195728
0.216667 0.283333 0.177193
0.216667 0.316667 0.140084
0.216667 0.350000 0.121860
0.216667 0.383333 0.114488
0.216667 0.416667 0.077077
0.216667 0.450000 0.068977
0.216667 0.483333 0.041530
0.216667 0.516667 0.037713
0.216667 0.550000 0.017082
0.216667 0.583333 0.006810
0.216667 0.616667 -0.011022
0.216667 0.650000 -0.017642
0.216667 0.683333 -0.028724
0.216667 0.716667 -0.046635
0.216667 0.750000 -0.046248
0.216667 0.783333 -0.061920
0.216667 0.816667 -0.070103
0.216667 0.850000 -0.079700
0.216667 0.883333 -0.090639
0.216667 0.916667 -0.115764
0.216667 0.950000 -0.130462
0.216667 0.983333 -0.164151

0.250000 0.016667 1.287334
0.250000 0.050000 0.809075
0.250000 0.083333 0.605785
0.250000 0.116667 0.496343
0.250000 0.150000 0.407904
0.250000 0.183333 0.314237
0.250000 0.216667 0.277642
0.250000 0.250000 0.245767
0.250000 0.283333 0.188026
0.250000 0.316667 0.172940
0.250000 0.350000 0.133358
0.250000 0.383333 0.121850
0.250000 0.416667 0.092335
0.250000 0.450000 0.070611
0.250000 0.483333 0.072798
0.250000 0.516667 0.044637
0.250000 0.550000 0.035208
0.250000 0.583333 0.026562
0.250000 0.616667 0.008029
0.250000 0.650000 0.000891
0.250000 0.683333 -0.009389
0.250000 0.716667 -0.028316
0.250000 0.750000 -0.019362
0.250000 0.783333 -0.027381
0.250000 0.816667 -0.048319
0.250000 0.850000 -0.062667
0.250000 0.883333 -0.079805
0.250000 0.916667 -0.096958
0.250000 0.950000 -0.112542
0.250000 0.983333 -0.138092

0.283333 0.016667 1.212980
0.283333 0.050000 0.794788
0.283333 0.083333 0.655665
0.283333 0.116667 0.530364
0.283333 0.150000 0.441426
0.283333 0.183333 0.354528
0.283333 0.216667 0.308158
0.283333 0.250000 0.251944
0.283333 0.283333 0.214926
0.283333 0.316667 0.190849
0.283333 0.350000 0.169192
0.283333 0.383333 0.141551
0.283333 0.416667 0.121084
0.283333 0.450000 0.106593
0.283333 0.483333 0.061058
0.283333 0.516667 0.069549
0.283333 0.550000 0.050729
0.283333 0.583333 0.039991
0.283333 0.616667 0.041000
0.283333 0.650000 0.019070
0.283333 0.683333 0.003342
0.283333 0.716667 -0.000658
0.283333 0.750000 -0.006960
0.283333 0.783333 -0.015819
0.283333 0.816667 -0.046414
0.283333 0.850000 -0.042718
0.283333 0.883333 -0.069851
0.283333 0.916667 -0.081906
0.283333 0.950000 -0.112227
0.283333 0.983333 -0.140694

0.316667 0.016667 1.368671
0.316667 0.050000 0.923086
0.316667 0.083333 0.728368
0.316667 0.116667 0.550725
0.316667 0.150000 0.464148
0.316667 0.183333 0.386702
0.316667 0.216667 0.335674
0.316667 0.250000 0.280346
0.316667 0.283333 0.248512
0.316667 0.316667 0.215518
0.316667 0.350000 0.188829
0.316667 0.383333 0.158867
0.316667 0.416667 0.138489
0.316667 0.450000 0.114299
0.316667 0.483333 0.101895
0.316667 0.516667 0.087993
0.316667 0.550000 0.060799
0.316667 0.583333 0.051398
0.316667 0.616667 0.043648
0.316667 0.650000 0.021237
0.316667 0.683333 0.020391
0.316667 0.716667 0.004572
0.316667 0.750000 -0.003888
0.316667 0.783333 -0.007957
0.316667 0.816667 -0.037728
0.316667 0.850000 -0.046344
0.316667 0.883333 -0.063031
0.316667 0.916667 -0.065353
0.316667 0.950000 -0.089478
0.316667 0.983333 -0.112797

0.350000 0.016667 1.355008
0.350000 0.050000 0.986705
0.350000 0.083333 0.726813
0.350000 0.116667 0.586187
0.350000 0.150000 0.468439
0.350000 0.183333 0.422084
0.350000 0.216667 0.358412
0.350000 0.250000 0.298796
0.350000 0.283333 0.268325
0.350000 0.316667 0.229663
0.350000 0.350000 0.205426
0.350000 0.383333 0.169901
0.350000 0.416667 0.146627
0.350000 0.450000 0.136418
0.350000 0.483333 0.099591
0.350000 0.516667 0.096047
0.350000 0.550000 0.078984
0.350000 0.583333 0.055774
0.350000 0.616667 0.047689
0.350000 0.650000 0.041390
0.350000 0.683333 0.027652
0.350000 0.716667 0.006475
0.350000 0.750000 -0.007324
0.350000 0.783333 0.004837
0.350000 0.816667 -0.018609
0.350000 0.850000 -0.034399
0.350000 0.883333 -0.034371
0.350000 0.916667 -0.044800
0.350000 0.950000 -0.075104
0.350000 0.983333 -0.120063

0.383333 0.016667 1.335922
0.383333 0.050000 0.961658
0.383333 0.083333 0.742332
0.383333 0.116667 0.595586
0.383333 0.150000 0.485565
0.383333 0.183333 0.439881
0.383333 0.216667 0.367414
0.383333 0.250000 0.319568
0.383333 0.283333 0.274209
0.383333 0.316667 0.238812
0.383333 0.350000 0.217125
0.383333 0.383333 0.217985
0.383333 0.416667 0.149577
0.383333 0.450000 0.142157
0.383333 0.483333 0.127557
0.383333 0.516667 0.101009
0.383333 0.550000 0.088237
0.383333 0.583333 0.075362
0.383333 0.616667 0.062238
0.383333 0.650000 0.045903
0.383333 0.683333 0.042949
0.383333 0.716667 0.015896
0.383333 0.750000 0.017365
0.383333 0.783333 0.006341
0.383333 0.816667 -0.015508
0.383333 0.850000 -0.019842
0.383333 0.883333 -0.024652
0.383333 0.916667 -0.038568
0.383333 0.950000 -0.063541
0.383333 0.983333 -0.075918

0.416667 0.016667 1.466246
0.416667 0.050000 0.976863
0.416667 0.083333 0.759910
0.416667 0.116667 0.656988
0.416667 0.150000 0.546494
0.416667 0.183333 0.464794
0.416667 0.216667 0.392862
0.416667 0.250000 0.316899
0.416667 0.283333 0.287876
0.416667 0.316667 0.246990
0.416667 0.350000 0.225788
0.416667 0.383333 0.195978
0.416667 0.416667 0.177523
0.416667 0.450000 0.158881
0.416667 0.483333 0.138594
0.416667 0.516667 0.116615
0.416667 0.550000 0.098251
0.416667 0.583333 0.079789
0.416667 0.616667 0.077629
0.416667 0.650000 0.059650
0.416667 0.683333 0.047802
0.416667 0.716667 0.036239
0.416667 0.750000 0.022686
0.416667 0.783333 0.008893
0.416667 0.816667 -0.004963
0.416667 0.850000 -0.010364
0.416667 0.883333 -0.019522
0.416667 0.916667 -0.029930
0.416667 0.950000 -0.043442
0.416667 0.983333 -0.070836

0.450000 0.016667 1.430728
0.450000 0.050000 0.984390
0.450000 0.083333 0.822166
0.450000 0.116667 0.663381
0.450000 0.150000 0.525953
0.450000 0.183333 0.460613
0.450000 0.216667 0.397124
0.450000 0.250000 0.347666
0.450000 0.283333 0.306454
0.450000 0.316667 0.259879
0.450000 0.350000 0.235372
0.450000 0.383333 0.202960
0.450000 0.416667 0.173815
0.450000 0.450000 0.162435
0.450000 0.483333 0.150016
0.450000 0.516667 0.121580
0.450000 0.550000 0.111899
0.450000 0.583333 0.093468
0.450000 0.616667 0.084365
0.450000 0.650000 0.071226
0.450000 0.683333 0.048452
0.450000 0.716667 0.041800
0.450000 0.750000 0.025898
0.450000 0.783333 0.019643
0.450000 0.816667 0.008354
0.450000 0.850000 -0.000745
0.450000 0.883333 -0.015034
0.450000 0.916667 -0.021482
0.450000 0.950000 -0.049304
0.450000 0.983333 -0.080700

0.483333 0.016667 1.454767
0.483333 0.050000 1.112571
0.483333 0.083333 0.847404
0.483333 0.116667 0.681745
0.483333 0.150000 0.570743
0.483333 0.183333 0.505152
0.483333 0.216667 0.412241
0.483333 0.250000 0.377318
0.483333 0.283333 0.334342
0.483333 0.316667 0.290101
0.483333 0.350000 0.250229
0.483333 0.383333 0.216278
0.483333 0.416667 0.188595
0.483333 0.450000 0.180370
0.483333 0.483333 0.152826
0.483333 0.516667 0.134640
0.483333 0.550000 0.109314
0.483333 0.583333 0.100481
0.483333 0.616667 0.085678
0.483333 0.650000 0.074757
0.483333 0.683333 0.063782
0.483333 0.716667 0.049016
0.483333 0.750000 0.036012
0.483333 0.783333 0.028094
0.483333 0.816667 0.007942
0.483333 0.850000 -0.003534
0.483333 0.883333 -0.011297
0.483333 0.916667 -0.017146
0.483333 0.950000 -0.044907
0.483333 0.983333 -0.050723

0.516667 0.016667 1.374252
0.516667 0.050000 1.050435
0.516667 0.083333 0.896763
0.516667 0.116667 0.712365
0.516667 0.150000 0.600995
0.516667 0.183333 0.495102
0.516667 0.216667 0.428840
0.516667 0.250000 0.377525
0.516667 0.283333 0.332559
0.516667 0.316667 0.305923
0.516667 0.350000 0.261132
0.516667 0.383333 0.237816
0.516667 0.416667 0.195282
0.516667 0.450000 0.181747
0.516667 0.483333 0.163781
0.516667 0.516667 0.144209
0.516667 0.550000 0.113724
0.516667 0.583333 0.103928
0.516667 0.616667 0.092013
0.516667 0.650000 0.074948
0.516667 0.683333 0.063601
0.516667 0.716667 0.050235
0.516667 0.750000 0.048788
0.516667 0.783333 0.030444
0.516667 0.816667 0.022661
0.516667 0.850000 0.007755
0.516667 0.883333 -0.013194
0.516667 0.916667 -0.016594
0.516667 0.950000 -0.036903
0.516667 0.983333 -0.089048

0.550000 0.016667 1.475671
0.550000 0.050000 1.123641
0.550000 0.083333 0.867153
0.550000 0.116667 0.714247
0.550000 0.150000 0.612634
0.550000 0.183333 0.525802
0.550000 0.216667 0.458524
0.550000 0.250000 0.377052
0.550000 0.283333 0.357270
0.550000 0.316667 0.308504
0.550000 0.350000 0.264238
0.550000 0.383333 0.243374
0.550000 0.416667 0.203622
0.550000 0.450000 0.193987
0.550000 0.483333 0.174759
0.550000 0.516667 0.145023
0.550000 0.550000 0.119654
0.550000 0.583333 0.109750
0.550000 0.616667 0.097669
0.550000 0.650000 0.087736
0.550000 0.683333 0.066736
0.550000 0.716667 0.061734
0.550000 0.750000 0.048112
0.550000 0.783333 0.039350
0.550000 0.816667 0.020995
0.550000 0.850000 0.010354
0.550000 0.883333 0.002225
0.550000 0.916667 -0.012436
0.550000 0.950000 -0.029122
0.550000 0.983333 -0.050615

0.583333 0.016667 1.506804
0.583333 0.050000 1.048825
0.583333 0.083333 0.913685
0.583333 0.116667 0.728072
0.583333 0.150000 0.619667
0.583333 0.183333 0.538232
0.583333 0.216667 0.472240
0.583333 0.250000 0.414786
0.583333 0.283333 0.374124
0.583333 0.316667 0.312198
0.583333 0.350000 0.270168
0.583333 0.383333 0.246163
0.583333 0.416667 0.226571
0.583333 0.450000 0.198708
0.583333 0.483333 0.178391
0.583333 0.516667 0.163956
0.583333 0.550000 0.134274
0.583333 0.583333 0.117429
0.583333 0.616667 0.097392
0.583333 0.650000 0.089772
0.583333 0.683333 0.082265
0.583333 0.716667 0.058754
0.583333 0.750000 0.058154
0.583333 0.783333 0.040561
0.583333 0.816667 0.028924
0.583333 0.850000 0.012284
0.583333 0.883333 0.008129
0.583333 0.916667 0.002219
0.583333 0.950000 -0.013040
0.583333 0.983333 -0.065466

0.616667 0.016667 1.562474
0.616667 0.050000 1.188423
0.616667 0.083333 0.919458
0.616667 0.116667 0.745905
0.616667 0.150000 0.636251
0.616667 0.183333 0.567967
0.616667 0.216667 0.479395
0.616667 0.250000 0.417791
0.616667 0.283333 0.381564
0.616667 0.316667 0.329605
0.616667 0.350000 0.297120
0.616667 0.383333 0.248684
0.616667 0.416667 0.230735
0.616667 0.450000 0.205859
0.616667 0.483333 0.178993
0.616667 0.516667 0.158195
0.616667 0.550000 0.144288
0.616667 0.583333 0.128794
0.616667 0.616667 0.103421
0.616667 0.650000 0.092869
0.616667 0.683333 0.084975
0.616667 0.716667 0.071301
0.616667 0.750000 0.056726
0.616667 0.783333 0.048488
0.616667 0.816667 0.033625
0.616667 0.850000 0.026880
0.616667 0.883333 0.014239
0.616667 0.916667 0.003407
0.616667 0.950000 -0.014942
0.616667 0.983333 -0.045532

0.650000 0.016667 1.520174
0.650000 0.050000 1.132709
0.650000 0.083333 0.917823
0.650000 0.116667 0.771532
0.650000 0.150000 0.650763
0.650000 0.183333 0.590846
0.650000 0.216667 0.491776
0.650000 0.250000 0.444063
0.650000 0.283333 0.370599
0.650000 0.316667 0.324422
0.650000 0.350000 0.316866
0.650000 0.383333 0.253785
0.650000 0.416667 0.230834
0.650000 0.450000 0.218049
0.650000 0.483333 0.186405
0.650000 0.516667 0.171966
0.650000 0.550000 0.150752
0.650000 0.583333 0.127758
0.650000 0.616667 0.108255
0.650000 0.650000 0.098761
0.650000 0.683333 0.085311
0.650000 0.716667 0.070746
0.650000 0.750000 0.057639
0.650000 0.783333 0.052724
0.650000 0.816667 0.048587
0.650000 0.850000 0.027862
0.650000 0.883333 0.009326
0.650000 0.916667 0.009560
0.650000 0.950000 -0.009675
0.650000 0.983333 -0.056644

0.683333 0.016667 1.635450
0.683333 0.050000 1.234187
0.683333 0.083333 0.992585
0.683333 0.116667 0.761042
0.683333 0.150000 0.667253
0.683333 0.183333 0.545923
0.683333 0.216667 0.482841
0.683333 0.250000 0.439820
0.683333 0.283333 0.406394
0.683333 0.316667 0.363971
0.683333 0.350000 0.308013
0.683333 0.383333 0.266665
0.683333 0.416667 0.244589
0.683333 0.450000 0.215638
0.683333 0.483333 0.193638
0.683333 0.516667 0.175159
0.683333 0.550000 0.148899
0.683333 0.583333 0.131344
0.683333 0.616667 0.114658
0.683333 0.650000 0.110448
0.683333 0.683333 0.088885
0.683333 0.716667 0.073430
0.683333 0.750000 0.063056
0.683333 0.783333 0.053273
0.683333 0.816667 0.046686
0.683333 0.850000 0.032724
0.683333 0.883333 0.025050
0.683333 0.916667 0.008263
0.683333 0.950000 0.006255
0.683333 0.983333 -0.008824

0.716667 0.016667 1.485541
0.716667 0.050000 1.201330
0.716667 0.083333 0.976995
0.716667 0.116667 0.798234
0.716667 0.150000 0.695746
0.716667 0.183333 0.605764
0.716667 0.216667 0.509665
0.716667 0.250000 0.438376
0.716667 0.283333 0.401100
0.716667 0.316667 0.366483
0.716667 0.350000 0.316413
0.716667 0.383333 0.281339
0.716667 0.416667 0.238815
0.716667 0.450000 0.219605
0.716667 0.483333 0.197162
0.716667 0.516667 0.179749
0.716667 0.550000 0.162290
0.716667 0.583333 0.147941
0.716667 0.616667 0.120637
0.716667 0.650000 0.102150
0.716667 0.683333 0.095286
0.716667 0.716667 0.077880
0.716667 0.750000 0.072051
0.716667 0.783333 0.062028
0.716667 0.816667 0.043495
0.716667 0.850000 0.030377
0.716667 0.883333 0.024283
0.716667 0.916667 0.013951
0.716667 0.950000 0.003000
0.716667 0.983333 -0.021776

0.750000 0.016667 1.517260
0.750000 0.050000 1.239076
0.750000 0.083333 1.000100
0.750000 0.116667 0.809909
0.750000 0.150000 0.700801
0.750000 0.183333 0.601475
0.750000 0.216667 0.541602
0.750000 0.250000 0.465637
0.750000 0.283333 0.416266
0.750000 0.316667 0.362755
0.750000 0.350000 0.325657
0.750000 0.383333 0.292619
0.750000 0.416667 0.263687
0.750000 0.450000 0.234848
0.750000 0.483333 0.207931
0.750000 0.516667 0.179182
0.750000 0.550000 0.164787
0.750000 0.583333 0.140585
0.750000 0.616667 0.124418
0.750000 0.650000 0.116361
0.750000 0.683333 0.097508
0.750000 0.716667 0.086392
0.750000 0.750000 0.072272
0.750000 0.783333 0.060511
0.750000 0.816667 0.052747
0.750000 0.850000 0.036362
0.750000 0.883333 0.022391
0.750000 0.916667 0.016523
0.750000 0.950000 0.010383
0.750000 0.983333 -0.011020

0.783333 0.016667 1.595988
0.783333 0.050000 1.231828
0.783333 0.083333 0.998593
0.783333 0.116667 0.801324
0.783333 0.150000 0.718737
0.783333 0.183333 0.617912
0.783333 0.216667 0.563298
0.783333 0.250000 0.481589
0.783333 0.283333 0.418448
0.783333 0.316667 0.366068
0.783333 0.350000 0.323006
0.783333 0.383333 0.290797
0.783333 0.416667 0.263879
0.783333 0.450000 0.236014
0.783333 0.483333 0.216893
0.783333 0.516667 0.188256
0.783333 0.550000 0.168243
0.783333 0.583333 0.155478
0.783333 0.616667 0.129939
0.783333 0.650000 0.120064
0.783333 0.683333 0.107250
0.783333 0.716667 0.086340
0.783333 0.750000 0.078309
0.783333 0.783333 0.066398
0.783333 0.816667 0.053459
0.783333 0.850000 0.042254
0.783333 0.883333 0.032693
0.783333 0.916667 0.018996
0.783333 0.950000 -0.003861
0.783333 0.983333 -0.018217

0.816667 0.016667 1.526896
0.816667 0.050000 1.187607
0.816667 0.083333 1.090255
0.816667 0.116667 0.805808
0.816667 0.150000 0.713033
0.816667 0.183333 0.627850
0.816667 0.216667 0.564023
0.816667 0.250000 0.476815
0.816667 0.283333 0.433670
0.816667 0.316667 0.379441
0.816667 0.350000 0.347857
0.816667 0.383333 0.310797
0.816667 0.416667 0.262310
0.816667 0.450000 0.239323
0.816667 0.483333 0.212406
0.816667 0.516667 0.195301
0.816667 0.550000 0.174499
0.816667 0.583333 0.150320
0.816667 0.616667 0.127972
0.816667 0.650000 0.120691
0.816667 0.683333 0.103952
0.816667 0.716667 0.092059
0.816667 0.750000 0.079278
0.816667 0.783333 0.067705
0.816667 0.816667 0.058078
0.816667 0.850000 0.045744
0.816667 0.883333 0.031609
0.816667 0.916667 0.023439
0.816667 0.950000 0.010585
0.816667 0.983333 -0.014749

0.850000 0.016667 1.531241
0.850000 0.050000 1.189127
0.850000 0.083333 0.974460
0.850000 0.116667 0.827500
0.850000 0.150000 0.725222
0.850000 0.183333 0.638619
0.850000 0.216667 0.565834
0.850000 0.250000 0.481066
0.850000 0.283333 0.426734
0.850000 0.316667 0.387010
0.850000 0.350000 0.359978
0.850000 0.383333 0.307111
0.850000 0.416667 0.270762
0.850000 0.450000 0.250689
0.850000 0.483333 0.226477
0.850000 0.516667 0.204896
0.850000 0.550000 0.178134
0.850000 0.583333 0.154555
0.850000 0.616667 0.148198
0.850000 0.650000 0.124545
0.850000 0.683333 0.111602
0.850000 0.716667 0.096535
0.850000 0.750000 0.082913
0.850000 0.783333 0.070525
0.850000 0.816667 0.056429
0.850000 0.850000 0.046918
0.850000 0.883333 0.036690
0.850000 0.916667 0.021403
0.850000 0.950000 0.013986
0.850000 0.983333 -0.035337

0.883333 0.016667 1.478300
0.883333 0.050000 1.243158
0.883333 0.083333 1.032620
0.883333 0.116667 0.894990
0.883333 0.150000 0.734518
0.883333 0.183333 0.657599
0.883333 0.216667 0.561656
0.883333 0.250000 0.490242
0.883333 0.283333 0.457591
0.883333 0.316667 0.405173
0.883333 0.350000 0.354838
0.883333 0.383333 0.309793
0.883333 0.416667 0.276695
0.883333 0.450000 0.249196
0.883333 0.483333 0.236716
0.883333 0.516667 0.201947
0.883333 0.550000 0.180956
0.883333 0.583333 0.160958
0.883333 0.616667 0.149804
0.883333 0.650000 0.129024
0.883333 0.683333 0.112010
0.883333 0.716667 0.102010
0.883333 0.750000 0.082554
0.883333 0.783333 0.070123
0.883333 0.816667 0.061449
0.883333 0.850000 0.051781
0.883333 0.883333 0.037990
0.883333 0.916667 0.030184
0.883333 0.950000 0.011365
0.883333 0.983333 0.006651

0.916667 0.016667 1.502688
0.916667 0.050000 1.228330
0.916667 0.083333 1.025558
0.916667 0.116667 0.850218
0.916667 0.150000 0.758377
0.916667 0.183333 0.622928
0.916667 0.216667 0.583641
0.916667 0.250000 0.521468
0.916667 0.283333 0.435084
0.916667 0.316667 0.407825
0.916667 0.350000 0.359678
0.916667 0.383333 0.325706
0.916667 0.416667 0.279631
0.916667 0.450000 0.248860
0.916667 0.483333 0.231630
0.916667 0.516667 0.208909
0.916667 0.550000 0.183313
0.916667 0.583333 0.161671
0.916667 0.616667 0.151581
0.916667 0.650000 0.133888
0.916667 0.683333 0.107283
0.916667 0.716667 0.096870
0.916667 0.750000 0.088828
0.916667 0.783333 0.074357
0.916667 0.816667 0.064842
0.916667 0.850000 0.047740
0.916667 0.883333 0.040770
0.916667 0.916667 0.029442
0.916667 0.950000 0.015161
0.916667 0.983333 0.012597

0.950000 0.016667 1.492905
0.950000 0.050000 1.231324
0.950000 0.083333 1.086362
0.950000 0.116667 0.894228
0.950000 0.150000 0.726103
0.950000 0.183333 0.639221
0.950000 0.216667 0.570537
0.950000 0.250000 0.529602
0.950000 0.283333 0.458480
0.950000 0.316667 0.383974
0.950000 0.350000 0.353545
0.950000 0.383333 0.329672
0.950000 0.416667 0.299252
0.950000 0.450000 0.268215
0.950000 0.483333 0.236436
0.950000 0.516667 0.222582
0.950000 0.550000 0.192668
0.950000 0.583333 0.168741
0.950000 0.616667 0.145822
0.950000 0.650000 0.132739
0.950000 0.683333 0.118642
0.950000 0.716667 0.102367
0.950000 0.750000 0.086739
0.950000 0.783333 0.076043
0.950000 0.816667 0.061700
0.950000 0.850000 0.053906
0.950000 0.883333 0.042399
0.950000 0.916667 0.031564
0.950000 0.950000 0.018205
0.950000 0.983333 0.015028

0.983333 0.016667 1.425097
0.983333 0.050000 1.260783
0.983333 0.083333 1.061883
0.983333 0.116667 0.891416
0.983333 0.150000 0.773448
0.983333 0.183333 0.667146
0.983333 0.216667 0.558555
0.983333 0.250000 0.537611
0.983333 0.283333 0.471295
0.983333 0.316667 0.415058
0.983333 0.350000 0.355569
0.983333 0.383333 0.346070
0.983333 0.416667 0.300673
0.983333 0.450000 0.272235
0.983333 0.483333 0.243918
0.983333 0.516667 0.215849
0.983333 0.550000 0.183631
0.983333 0.583333 0.169725
0.983333 0.616667 0.151348
0.983333 0.650000 0.134665
0.983333 0.683333 0.120032
0.983333 0.716667 0.101165
0.983333 0.750000 0.093550
0.983333 0.783333 0.081372
0.983333 0.816667 0.063912
0.983333 0.850000 0.055457
0.983333 0.883333 0.043395
0.983333 0.916667 0.031602
0.983333 0.950000 0.019648
0.983333 0.983333 0.015300

