0.333333 1.666667 5.396380
0.333333 5.000000 -0.149045
0.333333 8.333333 -0.454784
0.333333 11.666667 -0.427423
0.333333 15.000000 -0.403512
0.333333 18.333333 -0.338830
0.333333 21.666667 -0.275739
0.333333 25.000000 -0.254912
0.333333 28.333333 -0.247431
0.333333 31.666667 -0.191844
0.333333 35.000000 -0.186390
0.333333 38.333333 -0.152999
0.333333 41.666667 -0.155804
0.333333 45.000000 -0.134948
0.333333 48.333333 -0.131413
0.333333 51.666667 -0.125151
0.333333 55.000000 -0.114538
0.333333 58.333333 -0.113516
0.333333 61.666667 -0.100800
0.333333 65.000000 -0.101088
0.333333 68.333333 -0.098337
0.333333 71.666667 -0.085705
0.333333 75.000000 -0.088975
0.333333 78.333333 -0.082699
0.333333 81.666667 -0.081045
0.333333 85.000000 -0.080246
0.333333 88.333333 -0.072665
0.333333 91.666667 -0.070228
0.333333 95.000000 -0.065521
0.333333 98.333333 -0.062300

1.000000 1.666667 2.327020
1.000000 5.000000 -0.138405
1.000000 8.333333 -0.332926
1.000000 11.666667 -0.347268
1.000000 15.000000 -0.318661
1.000000 18.333333 -0.264933
1.000000 21.666667 -0.261313
1.000000 25.000000 -0.193796
1.000000 28.333333 -0.218265
1.000000 31.666667 -0.184781
1.000000 35.000000 -0.161091
1.000000 38.333333 -0.162745
1.000000 41.666667 -0.132516
1.000000 45.000000 -0.119858
1.000000 48.333333 -0.115380
1.000000 51.666667 -0.102621
1.000000 55.000000 -0.095054
1.000000 58.333333 -0.093969
1.000000 61.666667 -0.088760
1.000000 65.000000 -0.086322
1.000000 68.333333 -0.079930
1.000000 71.666667 -0.076508
1.000000 75.000000 -0.071111
1.000000 78.333333 -0.073049
1.000000 81.666667 -0.069466
1.000000 85.000000 -0.062803
1.000000 88.333333 -0.061368
1.000000 91.666667 -0.060646
1.000000 95.000000 -0.055431
1.000000 98.333333 -0.059785

1.666667 1.666667 1.743747
1.666667 5.000000 -0.030775
1.666667 8.333333 -0.264567
1.666667 11.666667 -0.283317
1.666667 15.000000 -0.262304
1.666667 18.333333 -0.217968
1.666667 21.666667 -0.204592
1.666667 25.000000 -0.177743
1.666667 28.333333 -0.154371
1.666667 31.666667 -0.144853
1.666667 35.000000 -0.132556
1.666667 38.333333 -0.121797
1.666667 41.666667 -0.122007
1.666667 45.000000 -0.108025
1.666667 48.333333 -0.104735
1.666667 51.666667 -0.090478
1.666667 55.000000 -0.089290
1.666667 58.333333 -0.080304
1.666667 61.666667 -0.079005
1.666667 65.000000 -0.074444
1.666667 68.333333 -0.072361
1.666667 71.666667 -0.067653
1.666667 75.000000 -0.068798
1.666667 78.333333 -0.059758
1.666667 81.666667 -0.051978
1.666667 85.000000 -0.060335
1.666667 88.333333 -0.055049
1.666667 91.666667 -0.051167
1.666667 95.000000 -0.053238
1.666667 98.333333 -0.046975

2.333333 1.666667 1.134688
2.333333 5.000000 0.108002
2.333333 8.333333 -0.130369
2.333333 11.666667 -0.205313
2.333333 15.000000 -0.214091
2.333333 18.333333 -0.181206
2.333333 21.666667 -0.182464
2.333333 25.000000 -0.146254
2.333333 28.333333 -0.143769
2.333333 31.666667 -0.118344
2.333333 35.000000 -0.119219
2.333333 38.333333 -0.112392
2.333333 41.666667 -0.090450
2.333333 45.000000 -0.089569
2.333333 48.333333 -0.088697
2.333333 51.666667 -0.081484
2.333333 55.000000 -0.076429
2.333333 58.333333 -0.075466
2.333333 61.666667 -0.062536
2.333333 65.000000 -0.065179
2.333333 68.333333 -0.066369
2.333333 71.666667 -0.056015
2.333333 75.000000 -0.056183
2.333333 78.333333 -0.055187
2.333333 81.666667 -0.058485
2.333333 85.000000 -0.051315
2.333333 88.333333 -0.052469
2.333333 91.666667 -0.048499
2.333333 95.000000 -0.050714
2.333333 98.333333 -0.044861

3.000000 1.666667 1.015324
3.000000 5.000000 0.173233
3.000000 8.333333 -0.079106
3.000000 11.666667 -0.166909
3.000000 15.000000 -0.123840
3.000000 18.333333 -0.154871
3.000000 21.666667 -0.143589
3.000000 25.000000 -0.126629
3.000000 28.333333 -0.115682
3.000000 31.666667 -0.104169
3.000000 35.000000 -0.110778
3.000000 38.333333 -0.089277
3.000000 41.666667 -0.084706
3.000000 45.000000 -0.079442
3.000000 48.333333 -0.075371
3.000000 51.666667 -0.069658
3.000000 55.000000 -0.071104
3.000000 58.333333 -0.066285
3.000000 61.666667 -0.063936
3.000000 65.000000 -0.061228
3.000000 68.333333 -0.057168
3.000000 71.666667 -0.058109
3.000000 75.000000 -0.054721
3.000000 78.333333 -0.043366
3.000000 81.666667 -0.043463
3.000000 85.000000 -0.047561
3.000000 88.333333 -0.043421
3.000000 91.666667 -0.036002
3.000000 95.000000 -0.040506
3.000000 98.333333 -0.040831

3.666667 1.666667 0.911374
3.666667 5.000000 0.294884
3.666667 8.333333 -0.023765
3.666667 11.666667 -0.073917
3.666667 15.000000 -0.106893
3.666667 18.333333 -0.116683
3.666667 21.666667 -0.104585
3.666667 25.000000 -0.106365
3.666667 28.333333 -0.098063
3.666667 31.666667 -0.087450
3.666667 35.000000 -0.095446
3.666667 38.333333 -0.075183
3.666667 41.666667 -0.075637
3.666667 45.000000 -0.067146
3.666667 48.333333 -0.062009
3.666667 51.666667 -0.062664
3.666667 55.000000 -0.059444
3.666667 58.333333 -0.047207
3.666667 61.666667 -0.052466
3.666667 65.000000 -0.053965
3.666667 68.333333 -0.047422
3.666667 71.666667 -0.042926
3.666667 75.000000 -0.035730
3.666667 78.333333 -0.043605
3.666667 81.666667 -0.040999
3.666667 85.000000 -0.039775
3.666667 88.333333 -0.035633
3.666667 91.666667 -0.036226
3.666667 95.000000 -0.035351
3.666667 98.333333 -0.036983

4.333333 1.666667 0.747210
4.333333 5.000000 0.346307
4.333333 8.333333 0.053914
4.333333 11.666667 -0.032946
4.333333 15.000000 -0.052440
4.333333 18.333333 -0.076254
4.333333 21.666667 -0.079726
4.333333 25.000000 -0.074363
4.333333 28.333333 -0.069369
4.333333 31.666667 -0.071494
4.333333 35.000000 -0.074802
4.333333 38.333333 -0.064543
4.333333 41.666667 -0.052159
4.333333 45.000000 -0.059483
4.333333 48.333333 -0.053332
4.333333 51.666667 -0.051181
4.333333 55.000000 -0.044983
4.333333 58.333333 -0.048626
4.333333 61.666667 -0.042795
4.333333 65.000000 -0.045409
4.333333 68.333333 -0.040481
4.333333 71.666667 -0.043955
4.333333 75.000000 -0.037795
4.333333 78.333333 -0.037877
4.333333 81.666667 -0.034365
4.333333 85.000000 -0.036171
4.333333 88.333333 -0.030991
4.333333 91.666667 -0.035378
4.333333 95.000000 -0.032172
4.333333 98.333333 -0.030579

5.000000 1.666667 0.731346
5.000000 5.000000 0.311315
5.000000 8.333333 0.109731
5.000000 11.666667 0.007867
5.000000 15.000000 -0.030414
5.000000 18.333333 -0.038061
5.000000 21.666667 -0.065687
5.000000 25.000000 -0.075021
5.000000 28.333333 -0.069150
5.000000 31.666667 -0.062419
5.000000 35.000000 -0.062250
5.000000 38.333333 -0.061975
5.000000 41.666667 -0.054411
5.000000 45.000000 -0.045092
5.000000 48.333333 -0.053906
5.000000 51.666667 -0.041606
5.000000 55.000000 -0.040440
5.000000 58.333333 -0.038581
5.000000 61.666667 -0.038535
5.000000 65.000000 -0.037790
5.000000 68.333333 -0.042746
5.000000 71.666667 -0.034576
5.000000 75.000000 -0.029342
5.000000 78.333333 -0.033300
5.000000 81.666667 -0.034930
5.000000 85.000000 -0.031096
5.000000 88.333333 -0.030227
5.000000 91.666667 -0.027356
5.000000 95.000000 -0.031455
5.000000 98.333333 -0.026405

5.666667 1.666667 0.716415
5.666667 5.000000 0.379977
5.666667 8.333333 0.158558
5.666667 11.666667 0.046011
5.666667 15.000000 -0.009544
5.666667 18.333333 -0.020261
5.666667 21.666667 -0.045333
5.666667 25.000000 -0.041481
5.666667 28.333333 -0.049565
5.666667 31.666667 -0.055666
5.666667 35.000000 -0.055800
5.666667 38.333333 -0.044656
5.666667 41.666667 -0.043928
5.666667 45.000000 -0.045082
5.666667 48.333333 -0.035885
5.666667 51.666667 -0.043332
5.666667 55.000000 -0.041793
5.666667 58.333333 -0.028270
5.666667 61.666667 -0.037191
5.666667 65.000000 -0.040676
5.666667 68.333333 -0.038606
5.666667 71.666667 -0.032299
5.666667 75.000000 -0.028550
5.666667 78.333333 -0.026897
5.666667 81.666667 -0.031278
5.666667 85.000000 -0.026242
5.666667 88.333333 -0.029039
5.666667 91.666667 -0.024285
5.666667 95.000000 -0.025895
5.666667 98.333333 -0.026635

6.333333 1.666667 0.559224
6.333333 5.000000 0.449823
6.333333 8.333333 0.193948
6.333333 11.666667 0.073902
6.333333 15.000000 0.013286
6.333333 18.333333 0.004911
6.333333 21.666667 -0.028502
6.333333 25.000000 -0.032517
6.333333 28.333333 -0.034039
6.333333 31.666667 -0.035602
6.333333 35.000000 -0.037971
6.333333 38.333333 -0.035112
6.333333 41.666667 -0.033471
6.333333 45.000000 -0.033663
6.333333 48.333333 -0.035258
6.333333 51.666667 -0.028062
6.333333 55.000000 -0.029530
6.333333 58.333333 -0.027731
6.333333 61.666667 -0.028240
6.333333 65.000000 -0.027138
6.333333 68.333333 -0.027183
6.333333 71.666667 -0.026900
6.333333 75.000000 -0.031400
6.333333 78.333333 -0.022955
6.333333 81.666667 -0.023733
6.333333 85.000000 -0.024571
6.333333 88.333333 -0.022359
6.333333 91.666667 -0.019430
6.333333 95.000000 -0.021170
6.333333 98.333333 -0.018961

7.000000 1.666667 0.593585
7.000000 5.000000 0.353591
7.000000 8.333333 0.275994
7.000000 11.666667 0.138712
7.000000 15.000000 0.074497
7.000000 18.333333 0.022995
7.000000 21.666667 -0.003406
7.000000 25.000000 -0.013855
7.000000 28.333333 -0.026312
7.000000 31.666667 -0.016196
7.000000 35.000000 -0.024054
7.000000 38.333333 -0.019620
7.000000 41.666667 -0.021651
7.000000 45.000000 -0.024387
7.000000 48.333333 -0.035957
7.000000 51.666667 -0.022069
7.000000 55.000000 -0.021404
7.000000 58.333333 -0.026616
7.000000 61.666667 -0.018367
7.000000 65.000000 -0.022831
7.000000 68.333333 -0.022432
7.000000 71.666667 -0.017652
7.000000 75.000000 -0.018163
7.000000 78.333333 -0.019261
7.000000 81.666667 -0.017974
7.000000 85.000000 -0.020197
7.000000 88.333333 -0.018743
7.000000 91.666667 -0.019438
7.000000 95.000000 -0.016857
7.000000 98.333333 -0.021199

7.666667 1.666667 0.616177
7.666667 5.000000 0.477596
7.666667 8.333333 0.302288
7.666667 11.666667 0.168898
7.666667 15.000000 0.096000
7.666667 18.333333 0.035379
7.666667 21.666667 0.034592
7.666667 25.000000 0.004262
7.666667 28.333333 0.004702
7.666667 31.666667 -0.003952
7.666667 35.000000 -0.011084
7.666667 38.333333 -0.002510
7.666667 41.666667 -0.013082
7.666667 45.000000 -0.011316
7.666667 48.333333 -0.015591
7.666667 51.666667 -0.021837
7.666667 55.000000 -0.018006
7.666667 58.333333 -0.012170
7.666667 61.666667 -0.012518
7.666667 65.000000 -0.017746
7.666667 68.333333 -0.019530
7.666667 71.666667 -0.012738
7.666667 75.000000 -0.018094
7.666667 78.333333 -0.021934
7.666667 81.666667 -0.014510
7.666667 85.000000 -0.013972
7.666667 88.333333 -0.010311
7.666667 91.666667 -0.017628
7.666667 95.000000 -0.012697
7.666667 98.333333 -0.013411

8.333333 1.666667 0.602345
8.333333 5.000000 0.403761
8.333333 8.333333 0.305404
8.333333 11.666667 0.153271
8.333333 15.000000 0.086357
8.333333 18.333333 0.061995
8.333333 21.666667 0.039273
8.333333 25.000000 0.008129
8.333333 28.333333 0.010632
8.333333 31.666667 0.002743
8.333333 35.000000 -0.007866
8.333333 38.333333 -0.010524
8.333333 41.666667 -0.014715
8.333333 45.000000 -0.005353
8.333333 48.333333 -0.012081
8.333333 51.666667 -0.019567
8.333333 55.000000 -0.010599
8.333333 58.333333 -0.013381
8.333333 61.666667 -0.012220
8.333333 65.000000 -0.016899
8.333333 68.333333 -0.013515
8.333333 71.666667 -0.012316
8.333333 75.000000 -0.018385
8.333333 78.333333 -0.014421
8.333333 81.666667 -0.016398
8.333333 85.000000 -0.012205
8.333333 88.333333 -0.014664
8.333333 91.666667 -0.011669
8.333333 95.000000 -0.013073
8.333333 98.333333 -0.013863

9.000000 1.666667 0.602525
9.000000 5.000000 0.414681
9.000000 8.333333 0.264347
9.000000 11.666667 0.157275
9.000000 15.000000 0.117196
9.000000 18.333333 0.085758
9.000000 21.666667 0.030078
9.000000 25.000000 0.017306
9.000000 28.333333 0.020558
9.000000 31.666667 0.008632
9.000000 35.000000 -0.001460
9.000000 38.333333 -0.013223
9.000000 41.666667 0.000043
9.000000 45.000000 -0.002480
9.000000 48.333333 -0.001258
9.000000 51.666667 -0.009422
9.000000 55.000000 -0.007846
9.000000 58.333333 -0.013189
9.000000 61.666667 -0.013745
9.000000 65.000000 -0.015361
9.000000 68.333333 -0.009784
9.000000 71.666667 -0.010617
9.000000 75.000000 -0.010007
9.000000 78.333333 -0.013656
9.000000 81.666667 -0.007944
9.000000 85.000000 -0.009580
9.000000 88.333333 -0.011141
9.000000 91.666667 -0.015340
9.000000 95.000000 -0.014580
9.000000 98.333333 -0.010533

9.666667 1.666667 0.505929
9.666667 5.000000 0.441905
9.666667 8.333333 0.290385
9.666667 11.666667 0.181344
9.666667 15.000000 0.079638
9.666667 18.333333 0.080051
9.666667 21.666667 0.046799
9.666667 25.000000 0.019960
9.666667 28.333333 0.011403
9.666667 31.666667 0.008968
9.666667 35.000000 -0.000139
9.666667 38.333333 0.021364
9.666667 41.666667 -0.016023
9.666667 45.000000 -0.019676
9.666667 48.333333 -0.018112
9.666667 51.666667 -0.013561
9.666667 55.000000 -0.012050
9.666667 58.333333 -0.014498
9.666667 61.666667 -0.017862
9.666667 65.000000 -0.017540
9.666667 68.333333 -0.015568
9.666667 71.666667 -0.009009
9.666667 75.000000 -0.014014
9.666667 78.333333 -0.009980
9.666667 81.666667 -0.011772
9.666667 85.000000 -0.019329
9.666667 88.333333 -0.012208
9.666667 91.666667 -0.011267
9.666667 95.000000 -0.009838
9.666667 98.333333 -0.010048

10.333333 1.666667 0.479008
10.333333 5.000000 0.372836
10.333333 8.333333 0.263458
10.333333 11.666667 0.189258
10.333333 15.000000 0.111896
10.333333 18.333333 0.115465
10.333333 21.666667 0.032696
10.333333 25.000000 0.033343
10.333333 28.333333 0.019537
10.333333 31.666667 0.014936
10.333333 35.000000 0.024467
10.333333 38.333333 -0.014605
10.333333 41.666667 0.003436
10.333333 45.000000 -0.008413
10.333333 48.333333 -0.009352
10.333333 51.666667 -0.007833
10.333333 55.000000 -0.008091
10.333333 58.333333 -0.009415
10.333333 61.666667 -0.012031
10.333333 65.000000 -0.007953
10.333333 68.333333 -0.013708
10.333333 71.666667 -0.011254
10.333333 75.000000 -0.013738
10.333333 78.333333 -0.013704
10.333333 81.666667 -0.016009
10.333333 85.000000 -0.007298
10.333333 88.333333 -0.013537
10.333333 91.666667 -0.012439
10.333333 95.000000 -0.008109
10.333333 98.333333 -0.010041

11.000000 1.666667 0.511109
11.000000 5.000000 0.364933
11.000000 8.333333 0.274605
11.000000 11.666667 0.173320
11.000000 15.000000 0.142252
11.000000 18.333333 0.069347
11.000000 21.666667 0.041690
11.000000 25.000000 0.017763
11.000000 28.333333 0.027534
11.000000 31.666667 0.014841
11.000000 35.000000 0.016579
11.000000 38.333333 0.022817
11.000000 41.666667 -0.002378
11.000000 45.000000 0.003965
11.000000 48.333333 0.003131
11.000000 51.666667 -0.006076
11.000000 55.000000 -0.002365
11.000000 58.333333 -0.011983
11.000000 61.666667 -0.009753
11.000000 65.000000 -0.011893
11.000000 68.333333 -0.016676
11.000000 71.666667 -0.014640
11.000000 75.000000 -0.007396
11.000000 78.333333 -0.012921
11.000000 81.666667 -0.012635
11.000000 85.000000 -0.011882
11.000000 88.333333 -0.017763
11.000000 91.666667 -0.010924
11.000000 95.000000 -0.012470
11.000000 98.333333 -0.012559

11.666667 1.666667 0.401621
11.666667 5.000000 0.354369
11.666667 8.333333 0.220775
11.666667 11.666667 0.180543
11.666667 15.000000 0.126694
11.666667 18.333333 0.073869
11.666667 21.666667 0.059257
11.666667 25.000000 0.035288
11.666667 28.333333 0.022352
11.666667 31.666667 0.016344
11.666667 35.000000 0.006569
11.666667 38.333333 0.009542
11.666667 41.666667 0.000774
11.666667 45.000000 -0.007835
11.666667 48.333333 -0.011364
11.666667 51.666667 -0.002323
11.666667 55.000000 -0.013067
11.666667 58.333333 0.001331
11.666667 61.666667 -0.013556
11.666667 65.000000 -0.005918
11.666667 68.333333 -0.009984
11.666667 71.666667 -0.013895
11.666667 75.000000 -0.009076
11.666667 78.333333 -0.008074
11.666667 81.666667 -0.017841
11.666667 85.000000 -0.011006
11.666667 88.333333 -0.014062
11.666667 91.666667 -0.010268
11.666667 95.000000 -0.009483
11.666667 98.333333 -0.007794

12.333333 1.666667 0.469644
12.333333 5.000000 0.366948
12.333333 8.333333 0.296057
12.333333 11.666667 0.171609
12.333333 15.000000 0.104401
12.333333 18.333333 0.123079
12.333333 21.666667 0.042969
12.333333 25.000000 0.027379
12.333333 28.333333 0.034590
12.333333 31.666667 0.015027
12.333333 35.000000 0.004430
12.333333 38.333333 0.012369
12.333333 41.666667 0.015060
12.333333 45.000000 0.003555
12.333333 48.333333 -0.012262
12.333333 51.666667 0.006539
12.333333 55.000000 -0.007390
12.333333 58.333333 -0.007420
12.333333 61.666667 -0.010739
12.333333 65.000000 -0.007366
12.333333 68.333333 -0.015042
12.333333 71.666667 -0.014648
12.333333 75.000000 -0.007761
12.333333 78.333333 -0.006955
12.333333 81.666667 -0.012982
12.333333 85.000000 -0.012451
12.333333 88.333333 -0.009645
12.333333 91.666667 -0.009883
12.333333 95.000000 -0.009763
12.333333 98.333333 -0.011604

13.000000 1.666667 0.355475
13.000000 5.000000 0.300815
13.000000 8.333333 0.267438
13.000000 11.666667 0.203559
13.000000 15.000000 0.157288
13.000000 18.333333 0.091312
13.000000 21.666667 0.081050
13.000000 25.000000 0.026245
13.000000 28.333333 0.040388
13.000000 31.666667 0.022100
13.000000 35.000000 0.017622
13.000000 38.333333 0.020889
13.000000 41.666667 0.012718
13.000000 45.000000 0.014077
13.000000 48.333333 0.009835
13.000000 51.666667 -0.002045
13.000000 55.000000 -0.010498
13.000000 58.333333 0.006534
13.000000 61.666667 -0.015582
13.000000 65.000000 -0.008412
13.000000 68.333333 -0.015951
13.000000 71.666667 -0.008512
13.000000 75.000000 -0.006085
13.000000 78.333333 -0.024394
13.000000 81.666667 -0.007640
13.000000 85.000000 -0.013910
13.000000 88.333333 -0.000981
13.000000 91.666667 -0.009438
13.000000 95.000000 -0.017693
13.000000 98.333333 -0.006597

13.666667 1.666667 0.364851
13.666667 5.000000 0.398000
13.666667 8.333333 0.221254
13.666667 11.666667 0.165512
13.666667 15.000000 0.107980
13.666667 18.333333 0.100701
13.666667 21.666667 0.047328
13.666667 25.000000 0.063028
13.666667 28.333333 0.020022
13.666667 31.666667 0.017279
13.666667 35.000000 0.011708
13.666667 38.333333 0.008616
13.666667 41.666667 0.011969
13.666667 45.000000 0.008662
13.666667 48.333333 -0.015228
13.666667 51.666667 0.011823
13.666667 55.000000 -0.000289
13.666667 58.333333 -0.002525
13.666667 61.666667 -0.002627
13.666667 65.000000 0.006696
13.666667 68.333333 -0.010824
13.666667 71.666667 -0.013113
13.666667 75.000000 -0.004322
13.666667 78.333333 -0.003973
13.666667 81.666667 -0.003934
13.666667 85.000000 -0.014919
13.666667 88.333333 -0.011295
13.666667 91.666667 -0.013298
13.666667 95.000000 -0.007227
13.666667 98.333333 -0.009081

14.333333 1.666667 0.321632
14.333333 5.000000 0.261400
14.333333 8.333333 0.235788
14.333333 11.666667 0.234103
14.333333 15.000000 0.102892
14.333333 18.333333 0.123385
14.333333 21.666667 0.066643
14.333333 25.000000 0.085527
14.333333 28.333333 0.051462
14.333333 31.666667 0.010718
14.333333 35.000000 0.007679
14.333333 38.333333 0.004148
14.333333 41.666667 0.001129
14.333333 45.000000 -0.006126
14.333333 48.333333 0.001162
14.333333 51.666667 0.005435
14.333333 55.000000 0.012059
14.333333 58.333333 0.005294
14.333333 61.666667 0.000526
14.333333 65.000000 -0.007223
14.333333 68.333333 -0.011475
14.333333 71.666667 -0.014080
14.333333 75.000000 -0.007129
14.333333 78.333333 -0.001002
14.333333 81.666667 -0.008049
14.333333 85.000000 -0.001195
14.333333 88.333333 -0.001049
14.333333 91.666667 -0.007129
14.333333 95.000000 -0.012516
14.333333 98.333333 -0.007277

15.000000 1.666667 0.267585
15.000000 5.000000 0.264538
15.000000 8.333333 0.196866
15.000000 11.666667 0.180052
15.000000 15.000000 0.121508
15.000000 18.333333 0.066394
15.000000 21.666667 0.062487
15.000000 25.000000 0.043879
15.000000 28.333333 0.041503
15.000000 31.666667 0.063808
15.000000 35.000000 0.020378
15.000000 38.333333 0.001035
15.000000 41.666667 0.001889
15.000000 45.000000 -0.002642
15.000000 48.333333 0.007937
15.000000 51.666667 0.000046
15.000000 55.000000 -0.013084
15.000000 58.333333 0.005515
15.000000 61.666667 -0.000132
15.000000 65.000000 -0.013978
15.000000 68.333333 -0.000793
15.000000 71.666667 -0.005977
15.000000 75.000000 -0.009708
15.000000 78.333333 -0.009926
15.000000 81.666667 -0.008350
15.000000 85.000000 -0.011470
15.000000 88.333333 -0.007863
15.000000 91.666667 -0.004654
15.000000 95.000000 -0.013324
15.000000 98.333333 -0.010036

15.666667 1.666667 0.367060
15.666667 5.000000 0.218264
15.666667 8.333333 0.211990
15.666667 11.666667 0.176687
15.666667 15.000000 0.148647
15.666667 18.333333 0.073870
15.666667 21.666667 0.070190
15.666667 25.000000 0.065836
15.666667 28.333333 0.076146
15.666667 31.666667 0.041465
15.666667 35.000000 0.020608
15.666667 38.333333 0.010064
15.666667 41.666667 0.016594
15.666667 45.000000 0.006421
15.666667 48.333333 -0.000162
15.666667 51.666667 0.005521
15.666667 55.000000 -0.004264
15.666667 58.333333 0.003305
15.666667 61.666667 0.002194
15.666667 65.000000 -0.006046
15.666667 68.333333 -0.013513
15.666667 71.666667 -0.014412
15.666667 75.000000 -0.010614
15.666667 78.333333 -0.004765
15.666667 81.666667 -0.012143
15.666667 85.000000 -0.008157
15.666667 88.333333 -0.013327
15.666667 91.666667 -0.010189
15.666667 95.000000 -0.006723
15.666667 98.333333 -0.012893

16.333333 1.666667 0.292851
16.333333 5.000000 0.330548
16.333333 8.333333 0.269927
16.333333 11.666667 0.141013
16.333333 15.000000 0.157713
16.333333 18.333333 0.079654
16.333333 21.666667 0.072162
16.333333 25.000000 0.059741
16.333333 28.333333 0.064786
16.333333 31.666667 0.027502
16.333333 35.000000 0.024314
16.333333 38.333333 -0.000327
16.333333 41.666667 0.004018
16.333333 45.000000 0.020615
16.333333 48.333333 0.008899
16.333333 51.666667 0.009628
16.333333 55.000000 -0.006504
16.333333 58.333333 -0.008329
16.333333 61.666667 0.009981
16.333333 65.000000 0.000592
16.333333 68.333333 -0.011672
16.333333 71.666667 -0.012091
16.333333 75.000000 -0.002324
16.333333 78.333333 -0.011541
16.333333 81.666667 -0.001938
16.333333 85.000000 -0.010385
16.333333 88.333333 -0.015849
16.333333 91.666667 -0.009834
16.333333 95.000000 -0.006751
16.333333 98.333333 -0.007497

17.000000 1.666667 0.222594
17.000000 5.000000 0.273234
17.000000 8.333333 0.225697
17.000000 11.666667 0.131493
17.000000 15.000000 0.102761
17.000000 18.333333 0.095326
17.000000 21.666667 0.045722
17.000000 25.000000 0.032637
17.000000 28.333333 0.031353
17.000000 31.666667 0.029978
17.000000 35.000000 0.030865
17.000000 38.333333 0.001575
17.000000 41.666667 0.019936
17.000000 45.000000 0.018356
17.000000 48.333333 0.005275
17.000000 51.666667 0.009532
17.000000 55.000000 0.006522
17.000000 58.333333 0.010563
17.000000 61.666667 0.000374
17.000000 65.000000 0.001192
17.000000 68.333333 -0.005018
17.000000 71.666667 0.004592
17.000000 75.000000 -0.008430
17.000000 78.333333 -0.006823
17.000000 81.666667 0.000362
17.000000 85.000000 -0.001610
17.000000 88.333333 -0.016126
17.000000 91.666667 -0.002193
17.000000 95.000000 0.000968
17.000000 98.333333 -0.010203

17.666667 1.666667 0.275958
17.666667 5.000000 0.239130
17.666667 8.333333 0.182733
17.666667 11.666667 0.180712
17.666667 15.000000 0.138656
17.666667 18.333333 0.081952
17.666667 21.666667 0.059019
17.666667 25.000000 0.066308
17.666667 28.333333 0.061277
17.666667 31.666667 0.062874
17.666667 35.000000 0.050632
17.666667 38.333333 0.020513
17.666667 41.666667 0.009747
17.666667 45.000000 0.017641
17.666667 48.333333 0.017790
17.666667 51.666667 0.019230
17.666667 55.000000 0.010245
17.666667 58.333333 0.001055
17.666667 61.666667 0.000461
17.666667 65.000000 -0.000163
17.666667 68.333333 -0.005978
17.666667 71.666667 -0.009130
17.666667 75.000000 0.002098
17.666667 78.333333 0.002697
17.666667 81.666667 0.004996
17.666667 85.000000 -0.007150
17.666667 88.333333 -0.005473
17.666667 91.666667 -0.009414
17.666667 95.000000 -0.002544
17.666667 98.333333 -0.006998

18.333333 1.666667 0.240635
18.333333 5.000000 0.310857
18.333333 8.333333 0.222661
18.333333 11.666667 0.143174
18.333333 15.000000 0.128745
18.333333 18.333333 0.129823
18.333333 21.666667 0.078652
18.333333 25.000000 0.059310
18.333333 28.333333 0.063929
18.333333 31.666667 0.051094
18.333333 35.000000 0.023128
18.333333 38.333333 0.032584
18.333333 41.666667 0.017491
18.333333 45.000000 0.050457
18.333333 48.333333 0.007960
18.333333 51.666667 0.030971
18.333333 55.000000 0.003277
18.333333 58.333333 0.008702
18.333333 61.666667 0.009283
18.333333 65.000000 0.006462
18.333333 68.333333 -0.004615
18.333333 71.666667 -0.001978
18.333333 75.000000 -0.002565
18.333333 78.333333 -0.004571
18.333333 81.666667 -0.003948
18.333333 85.000000 -0.004831
18.333333 88.333333 0.001150
18.333333 91.666667 0.001287
18.333333 95.000000 0.003339
18.333333 98.333333 -0.006849

19.000000 1.666667 0.208562
19.000000 5.000000 0.254133
19.000000 8.333333 0.219955
19.000000 11.666667 0.165481
19.000000 15.000000 0.141396
19.000000 18.333333 0.180592
19.000000 21.666667 0.095031
19.000000 25.000000 0.094235
19.000000 28.333333 0.019718
19.000000 31.666667 0.051359
19.000000 35.000000 0.045655
19.000000 38.333333 0.019225
19.000000 41.666667 0.041688
19.000000 45.000000 0.017898
19.000000 48.333333 0.026617
19.000000 51.666667 0.011800
19.000000 55.000000 0.014664
19.000000 58.333333 0.015733
19.000000 61.666667 0.004163
19.000000 65.000000 0.008264
19.000000 68.333333 0.003543
19.000000 71.666667 0.002896
19.000000 75.000000 0.001740
19.000000 78.333333 0.003221
19.000000 81.666667 0.004272
19.000000 85.000000 0.001496
19.000000 88.333333 -0.002802
19.000000 91.666667 0.002166
19.000000 95.000000 -0.001728
19.000000 98.333333 -0.002117

19.666667 1.666667 0.223344
19.666667 5.000000 0.271891
19.666667 8.333333 0.292274
19.666667 11.666667 0.138579
19.666667 15.000000 0.149835
19.666667 18.333333 0.124454
19.666667 21.666667 0.082633
19.666667 25.000000 0.057812
19.666667 28.333333 0.058606
19.666667 31.666667 0.035202
19.666667 35.000000 0.057193
19.666667 38.333333 0.055104
19.666667 41.666667 0.037617
19.666667 45.000000 0.041228
19.666667 48.333333 0.023592
19.666667 51.666667 0.031810
19.666667 55.000000 0.030910
19.666667 58.333333 0.014696
19.666667 61.666667 0.003879
19.666667 65.000000 0.005643
19.666667 68.333333 0.002781
19.666667 71.666667 -0.006039
19.666667 75.000000 0.005869
19.666667 78.333333 -0.001897
19.666667 81.666667 0.004261
19.666667 85.000000 -0.009251
19.666667 88.333333 0.000912
19.666667 91.666667 -0.001662
19.666667 95.000000 -0.000935
19.666667 98.333333 -0.002255

