2.266143	63.362190
2.306292	61.886168
2.362295	59.830905
2.450920	56.667398
2.474049	55.816107
2.506050	54.559720
2.618634	49.449386
2.811869	41.849216
2.978663	36.534983
3.109341	31.942165
3.221214	27.701915
3.309557	23.776494
3.397538	21.094082
3.483811	18.963952
3.547384	17.427277
3.602489	16.180561
3.653164	14.908388
3.700205	13.902393
3.762735	12.781380
3.832284	11.955110
3.883773	11.140620
3.931106	10.483313
3.975996	9.735312
4.023660	9.117178
4.057593	8.668519
4.110622	8.271227
4.132429	7.851673
4.170391	7.492893
4.198429	7.195934
4.224542	6.817065
4.259486	6.537491
4.290303	6.308272
4.325990	6.009279
4.358852	5.799349
4.387013	5.547546
4.430509	5.347215
4.459507	5.112165
4.497190	4.867048
4.541719	4.610765
4.568448	4.417131
4.594415	4.235002
4.621835	4.069248
4.648296	3.931783
4.677358	3.777181
4.689914	3.654333
4.724518	3.549327
4.749471	3.381611
4.782774	3.283063
4.807996	3.178471
4.834430	3.083658
4.848597	3.015198
4.866837	2.920593
4.880283	2.820727


2.454733	63.113200
2.497234	61.639531
2.555224	59.586254
2.648575	56.427474
2.671704	55.576183
2.706056	54.322145
2.824764	49.217936
3.032110	41.631878
3.210472	36.329213
3.357172	31.752415
3.485040	27.528161
3.579499	23.608857
3.672461	20.931426
3.764842	18.807403
3.834231	17.276545
3.896890	16.037383
3.956675	14.774319
4.005973	13.770581
4.070757	12.651822
4.146981	11.832227
4.198849	11.018117
4.248129	10.362756
4.296511	9.618247
4.347693	9.003631
4.384398	8.557744
4.437736	8.160761
4.460290	7.741954
4.499707	7.384629
4.531089	7.091014
4.557202	6.712145
4.592883	6.433308
4.623745	6.204134
4.661195	5.906904
4.695156	5.698073
4.724700	5.447653
4.769637	5.248763
4.802589	5.017668
4.843589	4.775867
4.888336	4.519802
4.918488	4.329591
4.945632	4.148640
4.974180	3.984013
5.001617	3.847524
5.030756	3.692999
5.044937	3.571775
5.082808	3.470037
5.108734	3.303295
5.143270	3.205979
5.169248	3.102144
5.195683	3.007331
5.212111	2.941132
5.231322	2.847497
5.244818	2.747683


2.734679	62.857308
2.778714	61.385173
2.839558	59.334751
2.938579	56.181641
2.964246	55.332887
3.001454	54.081706
3.133691	48.991026
3.353812	41.417742
3.539701	36.122605
3.703773	31.563179
3.839282	27.346566
3.935417	23.428937
4.037694	20.760821
4.135046	18.641770
4.209903	17.116380
4.275672	15.880327
4.337035	14.618842
4.390523	13.619293
4.458796	12.504024
4.540165	11.689574
4.593085	10.876515
4.647481	10.226271
4.699523	9.485421
4.752207	8.872308
4.789505	8.427014
4.842992	8.030180
4.867060	7.612887
4.907530	7.256615
4.938989	6.963076
4.969187	6.588292
5.007782	6.312370
5.040430	6.084981
5.079867	5.789738
5.114084	5.581163
5.143929	5.331045
5.192027	5.135315
5.226552	4.905793
5.275748	4.672189
5.326070	4.421698
5.357924	4.233190
5.389610	4.056780
5.418157	3.892153
5.446566	3.756635
5.478915	3.605321
5.493096	3.484097
5.534070	3.385462
5.561227	3.219950
5.596915	3.123787
5.625945	3.023002
5.652379	2.928190
5.671150	2.864333
5.692424	2.772762
5.708965	2.675992


2.843130	62.710613
2.888999	61.240311
2.952428	59.192474
3.053401	56.041316
3.080194	55.193689
3.117610	53.942716
3.253644	48.855832
3.483857	41.292640
3.672389	36.000145
3.840888	31.445148
3.981439	27.233577
4.079600	23.317974
4.182735	20.650716
4.280811	18.532388
4.360277	17.011607
4.428201	15.777709
4.490798	14.517458
4.546078	13.519702
4.621667	12.411748
4.705383	11.599645
4.761317	10.789601
4.819797	10.143440
4.875569	9.406320
4.930471	8.795425
4.968330	8.350692
5.021971	7.954012
5.047256	7.537936
5.089743	7.183681
5.122150	6.891091
5.156285	6.520244
5.196506	6.245947
5.230292	6.019697
5.271150	5.725875
5.306041	5.517974
5.336982	5.268951
5.386841	5.074983
5.426501	4.850596
5.479146	4.620440
5.532226	4.372708
5.564081	4.184200
5.596341	4.008365
5.626750	3.845599
5.656858	3.711781
5.690315	3.561575
5.706802	3.442657
5.748101	3.344346
5.776126	3.179703
5.811892	3.083618
5.843353	2.985264
5.871209	2.891873
5.890435	2.828472
5.911709	2.736900
5.929038	2.640918


1.735918	101.057139
1.750645	100.162151
1.753157	99.361012
1.770735	97.943257
1.803839	96.300223
1.855485	93.973130
1.887148	92.097613
1.890709	91.398496
1.908157	90.599146
1.962960	89.598363
1.972998	87.983110
1.992108	84.454858
2.080333	77.542211
2.167932	71.465177
2.333800	66.148794
2.459882	62.291817
2.618419	58.639577
2.709108	55.292158
2.756946	51.558368
2.819422	47.764346
2.862292	44.692034
2.921271	41.922403
3.012710	39.495013
3.079702	37.389384
3.115610	35.187517
3.123256	33.981399
3.149393	32.247607
3.181156	31.297973
3.203598	30.154381
3.264921	28.977946
3.279349	27.696834
3.310321	26.448950
3.310321	25.559437
3.340717	24.205418
3.407050	23.143315
3.431309	22.333659
3.464559	21.508465
3.506536	20.627194
3.537239	20.260690
3.584136	19.568944
3.605753	18.395395
3.632218	17.200970
3.656332	16.087430
3.699409	15.172985
3.701133	14.747262
3.715502	14.342514
3.762955	13.652867
3.836493	13.139305
3.849993	12.709178
3.887400	12.253405
3.896219	11.791068
3.934649	11.225248
3.967174	10.963808
3.971411	10.445176
3.972576	9.975626
4.015857	9.534212
4.104511	9.277716
4.127069	8.832416
4.171251	8.373319
4.229881	8.047436
4.269036	7.609875
4.277533	7.145922
4.336621	6.840505
4.402468	6.480242
4.493763	6.142083
4.562300	5.722168
4.601614	5.401216


1.938816	77.060046
1.961191	76.209771
1.974041	75.371476
2.000470	74.191079
2.029944	72.771299
2.085497	70.835163
2.116898	68.979636
2.123358	68.581212
2.134975	67.937925
2.153685	67.284706
2.173497	66.375959
2.209837	64.619375
2.290160	59.336176
2.372900	54.328904
2.492233	49.525236
2.580164	45.888106
2.682912	43.161314
2.783842	40.360179
2.852786	37.846982
2.900625	35.288776
2.943206	32.954032
2.994346	31.064268
3.015049	29.584314
3.103114	27.851736
3.152675	26.495858
3.176658	25.425254
3.205950	24.575488
3.234761	23.541967
3.260307	22.772966
3.277191	21.942384
3.308508	21.349009
3.324712	20.658538
3.345449	19.927735
3.381036	19.302505
3.413165	18.705578
3.447367	17.982926
3.466912	17.490160
3.511220	16.982286
3.547333	16.427191
3.573595	16.142732
3.606686	15.706858
3.615554	15.174530
3.644629	14.526305
3.652277	14.059172
3.676293	13.582123
3.694026	13.122553
3.700675	12.832333
3.713872	12.559945
3.759171	12.223613
3.766410	11.939118
3.775556	11.714678
3.785710	11.558983
3.802729	11.290654
3.813894	11.067248
3.825704	10.784406
3.833438	10.531366
3.856104	10.307463
3.866013	10.077845
3.875764	9.785991
3.885819	9.600999
3.911101	9.319396
3.950007	9.127848
4.001743	8.941851
4.015864	8.672710
4.044605	8.393426
4.073826	8.193717
4.150670	7.824659
4.207019	7.572349
4.271932	7.284021
4.302622	7.088325
4.324282	6.851976
4.344050	6.686681
4.376767	6.502860
4.412124	6.257588
4.430521	6.096390
4.441796	5.914383
4.484820	5.715810
4.493460	5.519579
4.523082	5.373565
4.532486	5.202984
4.554199	5.091453
4.569987	4.982879
4.606845	4.790541
4.619346	4.673986


2.024578	76.784836
2.048104	75.961083
2.061385	75.092550
2.086356	73.883804
2.119038	72.475615
2.169015	70.591673
2.199945	68.746153
2.205754	68.329254
2.215867	67.747741
2.222469	67.184123
2.249401	66.249863
2.288218	64.607335
2.362131	59.571988
2.447271	54.655901
2.563357	49.975983
2.653007	46.834719
2.753132	43.958435
2.859166	41.186515
2.921786	38.772286
2.972874	36.518771
3.027166	34.221442
3.085005	32.170306
3.104071	30.657240
3.179567	28.906749
3.227182	27.763780
3.255257	26.513839
3.289867	25.617977
3.315908	24.548306
3.338448	23.762735
3.357726	23.005063
3.385949	22.295788
3.403645	21.504330
3.425677	20.749545
3.461609	20.202355
3.502666	19.543387
3.539111	18.783935
3.554602	18.185828
3.591870	17.633564
3.630422	17.101446
3.649181	16.793479
3.663837	16.437041
3.694131	15.933925
3.712304	15.475009
3.724878	14.903328
3.744494	14.275821
3.767979	13.756108
3.777166	13.491537
3.788845	13.191788
3.819975	12.779360
3.850209	12.569988
3.857715	12.267795
3.871662	12.021245
3.889757	11.808983
3.900591	11.552937
3.910311	11.329197
3.920591	11.068859
3.927557	10.831266
3.939918	10.662708
3.962021	10.398396
3.968082	10.173018
3.987088	9.920838
4.007678	9.684423
4.030739	9.508738
4.084937	9.375366
4.109862	9.106986
4.120348	8.896819
4.155314	8.591715
4.193132	8.306297
4.249673	8.002730
4.310353	7.734174
4.350676	7.509287
4.371616	7.340101
4.405635	7.116579
4.422995	6.935070
4.444177	6.772236
4.487992	6.621113
4.507372	6.398340
4.521710	6.232513
4.529571	6.056131
4.567024	5.884371
4.582227	5.733942
4.608202	5.603773
4.614371	5.485117
4.664269	5.363464
4.679707	5.257959
4.697516	5.164530
4.727987	4.962128
4.736182	4.876031


3.966880	98.111683
4.009425	97.244513
4.011936	96.443374
4.044471	95.040575
4.086463	93.406430
4.176789	91.118016
4.225345	89.259392
4.228906	88.560275
4.246354	87.760925
4.305834	86.764819
4.345723	85.179418
4.413742	81.700074
4.573006	74.858465
4.751891	68.872718
4.993262	63.631838
5.186176	59.841694
5.429978	56.274719
5.597804	53.004436
5.754895	49.379899
5.899271	45.667777
6.011378	42.664703
6.105524	39.930238
6.218096	37.523982
6.331949	35.465214
6.428594	33.324084
6.447161	32.128886
6.514263	30.436058
6.569421	29.509820
6.649438	28.423803
6.747587	27.284195
6.810437	26.051504
6.900758	24.862970
6.903809	23.976507
6.957842	22.646125
7.036293	21.596141
7.075970	20.801902
7.150856	20.018345
7.233254	19.177494
7.263957	18.810990
7.326943	18.135334
7.356024	16.969248
7.406507	15.798842
7.458027	14.712707
7.529045	13.826203
7.536716	13.406428
7.561108	13.011703
7.630426	12.343921
7.711114	11.837509
7.741357	11.424124
7.818372	11.007960
7.831468	10.549899
7.869898	9.984080
7.911148	9.731365
7.915912	9.213259
7.937932	8.764564
7.994212	8.336150
8.099230	8.096017
8.185615	7.714545
8.262143	7.287793
8.330240	6.971377
8.410803	6.575224
8.442066	6.134038
8.512706	5.840172
8.602259	5.503615
8.743729	5.215633
8.829896	4.813347
8.901861	4.525045


4.272162	74.545697
4.310425	73.711309
4.326738	72.876478
4.361751	71.704664
4.406751	70.300410
4.490045	68.392015
4.545483	66.560525
4.555515	66.165674
4.576195	65.531449
4.595012	64.878337
4.640644	63.995411
4.716435	62.278277
4.859189	57.057510
5.010400	52.118709
5.204234	47.389542
5.346394	43.806641
5.488816	41.119523
5.698991	38.427633
5.822850	35.969351
5.913823	33.454278
6.021234	31.184365
6.095594	29.317820
6.131882	27.853451
6.268729	26.169656
6.360283	24.855771
6.403949	23.804849
6.463437	22.985280
6.519137	21.978647
6.581822	21.246784
6.616792	20.434289
6.661012	19.853817
6.701866	19.187997
6.751948	18.486538
6.792590	17.866364
6.851002	17.295720
6.907215	16.595079
6.936263	16.111815
7.012407	15.635778
7.079157	15.111320
7.105803	14.827245
7.161772	14.414249
7.177138	13.888419
7.240032	13.274014
7.255500	12.814699
7.290391	12.348525
7.322633	11.903465
7.334613	11.618575
7.359601	11.357978
7.405521	11.022267
7.421647	10.746660
7.437431	10.528858
7.454897	10.380476
7.488975	10.129204
7.501941	9.907599
7.523656	9.634662
7.542717	9.392950
7.582678	9.186342
7.595942	8.960078
7.611452	8.673984
7.636999	8.504484
7.671352	8.231952
7.711119	8.041265
7.768932	7.861345
7.803738	7.612888
7.864553	7.365678
7.893774	7.165970
8.020571	6.846864
8.102214	6.619849
8.180873	6.345267
8.239224	6.177233
8.288522	5.968520
8.309796	5.804731
8.352212	5.630611
8.399666	5.397435
8.422341	5.240515
8.445944	5.070835
8.517953	4.901247
8.537688	4.716111
8.577573	4.580361
8.605937	4.428739
8.629508	4.319067
8.670202	4.235398
8.725880	4.061881
8.746470	3.953416


4.525968	73.960082
4.563325	73.150160
4.587570	72.292592
4.625263	71.096567
4.677416	69.707849
4.757997	67.854512
4.811860	66.031924
4.824546	65.621902
4.843666	65.049396
4.851261	64.486773
4.900671	63.574990
4.979499	61.972472
5.123799	57.007512
5.285702	52.168189
5.487785	47.574268
5.616675	44.472243
5.767407	41.646566
5.979281	38.980487
6.097561	36.621918
6.206539	34.426291
6.322940	32.191073
6.409553	30.168710
6.442409	28.669434
6.562489	26.963527
6.632883	25.843338
6.694580	24.627018
6.751029	23.752996
6.818308	22.724563
6.869009	21.967152
6.918509	21.239703
6.965625	20.549321
7.003662	19.778203
7.057703	19.055428
7.104358	18.518960
7.169747	17.884324
7.231409	17.150090
7.278487	16.583571
7.351561	16.067111
7.428615	15.573496
7.449161	15.267316
7.468221	14.915281
7.540820	14.454470
7.582383	14.018944
7.619597	13.471904
7.652986	12.858170
7.695875	12.357861
7.712284	12.100511
7.729413	11.806212
7.770114	11.403355
7.801145	11.194780
7.818785	10.902722
7.848309	10.671748
7.873434	10.466517
7.903595	10.229797
7.914881	10.007624
7.933785	9.755909
7.967679	9.545243
7.995730	9.392376
8.028471	9.138702
8.043177	8.921969
8.081828	8.689435
8.109223	8.459824
8.137048	8.288904
8.191451	8.155736
8.245581	7.916563
8.266295	7.716623
8.331553	7.441811
8.401343	7.188364
8.506707	6.933620
8.600470	6.698147
8.647229	6.479696
8.690944	6.333285
8.749245	6.134046
8.776682	5.962614
8.814566	5.816482
8.860370	5.667348
8.898806	5.463630
8.920186	5.304845
8.943141	5.143557
9.005826	4.997030
9.033047	4.858618
9.066437	4.735864
9.080629	4.625231
9.152814	4.525865
9.183599	4.435708
9.220914	4.361783
9.266018	4.174016
9.283000	4.096705


