3.594209	60.391495
3.596627	59.033356
3.607031	57.749924
3.611704	56.605407
3.615562	55.457146
3.622199	54.346792
3.623415	52.993059
3.627330	51.750494
3.631693	50.520733
3.633300	49.385813
3.636576	48.088026
3.638456	46.750649
3.647031	45.524953
3.652024	44.377588
3.653472	43.364494
3.655850	42.364677
3.661984	41.361985
3.665613	40.424552
3.667665	39.477971
3.674338	38.583033
3.675639	37.686717
3.676985	36.726581
3.686998	35.831293
3.689604	34.952937
3.691656	34.054011
3.694266	33.164740
3.697534	32.287008
3.703720	31.404893
3.714379	30.554052
3.723242	29.716211
3.734555	28.816879
3.745619	27.903889
3.759329	27.065257
3.767257	26.303622
3.773581	25.481507
3.780180	24.671257
3.789460	23.885861
3.799926	23.140080
3.811901	22.332231
3.829770	21.578756
3.839962	20.710797
3.861007	19.852358
3.872416	19.042386
3.901511	18.207949
3.917954	17.301190
3.925690	16.520381
3.932899	15.746191
3.969299	15.022274
4.008742	14.262139
4.030492	13.579919
4.069793	12.835230
4.099355	12.070904
4.146169	11.288115
4.189058	10.532697
4.236152	9.765168
4.301554	9.041985
4.373817	8.436214
4.446888	7.875198
4.524728	7.224042
4.587850	6.530866
4.672613	5.936484
4.740503	5.299676
4.829251	4.775300
4.966805	4.295252
5.162487	3.854975
5.346642	3.404496
5.576463	2.968796
5.795756	2.533632
6.057380	2.157306
6.323116	1.878484
6.595196	1.613506
6.921125	1.392564
7.257337	1.229712
7.625916	0.999214
8.018083	0.804024


3.771328	60.184209
3.774154	58.826479
3.784558	57.543047
3.789231	56.398530
3.793089	55.250268
3.800072	54.140260
3.801287	52.786527
3.805202	51.543962
3.809565	50.314201
3.812830	49.180940
3.816562	47.883608
3.818443	46.546231
3.828086	45.321604
3.833080	44.174239
3.834933	43.161550
3.837767	42.162189
3.843900	41.159497
3.847972	40.222506
3.850024	39.275925
3.857563	38.381853
3.859509	37.486182
3.861575	36.526766
3.871588	35.631478
3.874194	34.753123
3.876247	33.854196
3.878856	32.964925
3.882124	32.087193
3.888310	31.205078
3.898969	30.354238
3.907832	29.516397
3.919145	28.617064
3.930209	27.704074
3.943919	26.865442
3.951847	26.103807
3.958337	25.281857
3.965871	24.472543
3.976090	23.688087
3.986556	22.942306
4.000402	22.136328
4.026224	21.390806
4.037593	20.524023
4.061252	19.668198
4.073117	18.858683
4.102212	18.024245
4.119933	17.118764
4.130365	16.340651
4.137573	15.566461
4.173974	14.842544
4.220554	14.089547
4.253270	13.418292
4.295138	12.676170
4.325682	11.912826
4.378138	11.135679
4.423263	10.382497
4.470970	9.615581
4.539101	8.895127
4.612888	8.290880
4.692283	7.736188
4.783840	7.098750
4.854619	6.413231
4.943321	5.822788
5.013009	5.187778
5.108853	4.670498
5.247605	4.191648
5.444631	3.752714
5.645040	3.318489
5.886930	2.894858
6.110912	2.464384
6.378070	2.093592
6.651292	1.822255
6.928565	1.562471
7.258690	1.345724
7.602156	1.190126
7.977109	0.966002
8.374863	0.776399


3.933666	60.016597
3.936492	58.658867
3.946896	57.375435
3.952370	56.231721
3.956229	55.083459
3.963211	53.973451
3.964427	52.619718
3.968342	51.377153
3.973507	50.148194
3.976772	49.014932
3.980504	47.717601
3.982384	46.380223
3.994334	45.157903
3.999327	44.010537
4.001180	42.997849
4.004997	41.999470
4.012337	40.997985
4.016409	40.060994
4.018978	39.114930
4.026517	38.220859
4.031401	37.328125
4.033467	36.368710
4.043480	35.473421
4.046432	34.595412
4.049798	33.697798
4.053238	32.809358
4.056506	31.931626
4.062692	31.049511
4.073351	30.198670
4.082214	29.360830
4.095279	28.463250
4.108025	27.551942
4.121735	26.713310
4.133168	25.955179
4.139658	25.133229
4.147192	24.323915
4.158213	23.540261
4.170584	22.796385
4.184430	21.990407
4.210251	21.244885
4.221621	20.378102
4.245280	19.522277
4.257145	18.712761
4.286240	17.878324
4.305991	16.974874
4.317861	16.198199
4.326837	15.425776
4.364387	14.703009
4.412957	13.952001
4.445673	13.280747
4.495994	12.547077
4.531308	11.788504
4.585786	11.013378
4.636759	10.266044
4.687697	9.502359
4.756953	8.783031
4.832486	8.180529
4.911882	7.625838
5.007431	6.992392
5.082444	6.311107
5.174454	5.723972
5.254795	5.099615
5.358311	4.590007
5.502014	4.116108
5.701198	3.679332
5.909615	3.253116
6.165237	2.843215
6.396051	2.419574
6.665731	2.051303
6.943175	1.784189
7.223062	1.527019
7.556692	1.313777
7.902734	1.160756
8.287264	0.946209
8.692079	0.763665


4.052486	59.931593
4.055312	58.573863
4.066025	57.290740
4.071499	56.147025
4.075358	54.998764
4.082340	53.888756
4.085540	52.537007
4.089455	51.294442
4.094620	50.065483
4.097885	48.932221
4.101617	47.634889
4.103497	46.297512
4.115447	45.075192
4.120440	43.927826
4.122293	42.915138
4.126110	41.916759
4.133450	40.915274
4.137522	39.978283
4.140091	39.032219
4.147630	38.138147
4.152842	37.245742
4.154908	36.286327
4.164922	35.391038
4.167873	34.513029
4.171239	33.615416
4.174679	32.726975
4.177947	31.849243
4.184133	30.967128
4.194792	30.116288
4.209714	29.284505
4.222779	28.386925
4.235525	27.475617
4.249254	26.637004
4.261473	25.879661
4.267963	25.057711
4.275823	24.248722
4.287280	23.465504
4.300490	22.722467
4.316225	21.918378
4.342047	21.172856
4.354352	20.307009
4.379406	19.452579
4.391869	18.643662
4.424014	17.812275
4.443766	16.908824
4.457837	16.134350
4.467790	15.362904
4.505340	14.640137
4.554751	13.889971
4.589488	13.220737
4.640633	12.487892
4.677485	11.730856
4.732222	10.955990
4.786979	10.212440
4.842507	9.453344
4.912764	8.735017
4.989069	8.133288
5.071121	7.581253
5.167911	6.949048
5.242924	6.267762
5.339883	5.685576
5.421540	5.062536
5.528817	4.556689
5.675490	4.085760
5.876617	3.650927
6.088466	3.228142
6.347241	2.821395
6.584052	2.403751
6.855367	2.037115
7.137156	1.774346
7.417043	1.517176
7.753738	1.306999
8.101036	1.155234
8.489709	0.944829
8.895494	0.763257


3.175546	90.692048
3.175546	88.010351
3.175546	85.291080
3.175546	83.072374
3.175546	79.374649
3.175546	76.062748
3.175546	73.547424
3.194320	70.370124
3.194320	67.577075
3.194320	64.780351
3.218218	62.304920
3.220093	60.636504
3.220093	58.581087
3.246721	56.779662
3.246721	54.838163
3.246721	52.941460
3.246721	51.175949
3.246721	49.366007
3.246721	47.046846
3.246721	45.442321
3.246721	43.714371
3.246721	41.897923
3.246721	40.400978
3.246721	38.620244
3.246721	36.970916
3.246721	35.354738
3.257710	33.622403
3.257710	32.191480
3.257710	30.390112
3.257710	28.831030
3.257710	27.236862
3.275577	25.523504
3.301215	24.254815
3.362744	22.959030
3.378061	21.450637
3.423296	19.983486
3.443148	18.478837
3.501712	17.065799
3.501712	15.287898
3.590166	13.876284
3.643019	12.351248
3.892966	11.020130
4.124237	10.083476
4.384283	8.418570
4.516501	7.147402
4.773021	6.234901
5.327176	5.543828
5.725632	4.299055
5.976982	3.123490
6.437397	2.438027
7.042694	1.812849
7.437097	1.135416


3.651383	82.042726
3.651383	80.497517
3.651383	79.153964
3.651383	77.665985
3.651383	76.410617
3.651383	75.070969
3.651383	73.471384
3.651383	71.610937
3.651383	69.726173
3.651383	68.401487
3.651383	66.979882
3.661632	65.561807
3.661632	63.853033
3.661632	62.372939
3.661632	60.917718
3.681077	59.334188
3.694122	57.843817
3.695146	56.792406
3.695146	55.835405
3.695146	54.711268
3.709681	53.655579
3.709681	52.676044
3.709681	51.618810
3.709681	50.602768
3.709681	49.612970
3.709681	48.555580
3.709681	47.427528
3.709681	46.393745
3.709681	45.405457
3.709681	44.213364
3.709681	43.309411
3.709681	42.447157
3.709681	41.398153
3.720793	40.285028
3.720793	39.279740
3.720793	38.430084
3.720793	37.543918
3.720793	36.573219
3.720793	35.676049
3.720793	34.713348
3.720793	33.770150
3.726791	32.807122
3.726791	31.911575
3.746003	31.128712
3.746003	30.336903
3.746003	29.276353
3.755254	28.436965
3.758786	27.533211
3.758786	26.624286
3.771831	25.663248
3.791719	24.609271
3.793733	23.792624
3.853983	23.090319
3.887570	22.314718
3.887570	21.476712
3.899801	20.696011
3.934735	19.820747
3.956788	19.164919
3.992866	18.432978
4.021142	17.460629
4.040128	16.744382
4.064275	15.782707
4.080052	14.786490
4.103834	13.781411
4.128032	12.837105
4.174634	12.003245
4.246416	11.127850
4.376604	10.536897
4.460675	10.041692
4.593278	9.174625
4.726203	8.363835
4.812102	7.677187
4.860518	6.968618
5.000343	6.491019
5.211437	5.977130
5.408642	5.561855
5.648970	5.103104
5.808639	4.502623
5.894976	3.869420
6.096088	3.341313
6.254284	2.800471
6.532743	2.340878
6.875744	1.976073
7.220641	1.689042
7.503502	1.331800
7.805929	1.145156
8.295934	0.847044


3.698577	74.401892
3.698577	72.085441
3.719993	69.841794
3.719993	67.786164
3.719993	65.050580
3.719993	62.428658
3.719993	60.150572
3.734923	57.811255
3.734923	55.538235
3.760309	53.273214
3.761109	51.581659
3.761109	49.843749
3.772467	48.214051
3.772467	46.500439
3.776405	44.881155
3.776405	43.225759
3.791598	41.547096
3.791598	40.174056
3.800281	38.468471
3.800281	36.877323
3.800281	35.495636
3.800281	33.930527
3.800281	32.481608
3.804967	31.056772
3.819979	29.661075
3.819979	28.193460
3.827207	26.706889
3.829967	25.324656
3.881693	23.680008
3.927107	22.304824
3.959275	20.959234
3.968831	19.659843
4.009175	18.377732
4.077470	17.142572
4.105931	15.873109
4.141960	14.383415
4.191474	12.823334
4.237985	11.407430
4.393321	10.181052
4.515679	9.276461
4.701763	8.044449
4.791287	6.969434
5.007544	5.895644
5.318124	5.074134
5.680013	4.412593
5.898682	3.436850
6.162720	2.614530
6.641618	2.008455
7.250837	1.545355
7.785143	1.123531
8.548118	0.623019


6.249076	87.095028
6.256165	84.420420
6.256165	81.701149
6.262164	79.488442
6.262164	75.790717
6.262164	72.478816
6.262164	69.963492
6.309705	66.814959
6.317616	64.029820
6.336164	61.251645
6.360062	58.776214
6.368966	57.114826
6.376876	55.067320
6.411182	53.273572
6.411182	51.332073
6.437395	49.461583
6.437395	47.696073
6.449903	45.898638
6.449903	43.579478
6.449903	41.974952
6.449903	40.247002
6.449903	38.430555
6.449903	36.933610
6.449903	35.152875
6.449903	33.503547
6.449903	31.887369
6.460891	30.155034
6.479990	28.743209
6.496297	26.958148
6.528760	25.431530
6.666763	23.975365
6.705062	22.282438
6.783968	21.067018
6.845497	19.771233
6.929766	18.331791
6.975000	16.864641
7.127008	15.492147
7.412104	14.305641
7.485715	12.601351
7.648300	11.263867
7.719379	9.757057
8.041547	8.498161
8.396888	7.685577
9.013513	6.377250
9.245279	5.205629
9.628637	4.419966
10.223203	3.769304
10.821863	2.724735
11.383700	1.859658
12.009406	1.339484
12.852526	0.952131
13.457226	0.484995


6.866875	78.491520
6.870744	76.950182
6.870744	75.606629
6.878341	74.126246
6.878341	72.870878
6.881616	71.534505
6.881616	69.934919
6.881616	68.074473
6.881616	66.189708
6.881616	64.865023
6.889212	63.451014
6.915163	62.048642
6.919481	60.344186
6.919481	58.864092
6.929607	57.418996
6.970898	55.857313
6.983943	54.366942
6.988804	53.319368
6.988804	52.362367
7.002425	51.251851
7.028397	50.207599
7.032588	49.232254
7.037484	48.179917
7.037484	47.163874
7.051793	46.188385
7.079624	45.158826
7.086451	44.037601
7.086451	43.003818
7.086451	42.015530
7.089726	40.826712
7.102167	39.935200
7.110034	39.080813
7.110034	38.031809
7.121146	36.918684
7.121146	35.913396
7.121146	35.063740
7.121146	34.177574
7.121146	33.206876
7.137744	32.326304
7.153679	31.379537
7.153679	30.436339
7.192874	29.506508
7.194433	28.612520
7.213652	27.829664
7.239009	27.063212
7.250162	26.013815
7.280923	25.195937
7.304705	24.312434
7.362890	23.461694
7.375934	22.500655
7.406976	21.457832
7.438067	20.670262
7.498318	19.967957
7.531905	19.192356
7.563243	18.385688
7.614629	17.644143
7.666307	16.785621
7.707221	16.148655
7.821789	15.495204
7.935261	14.608051
7.996784	13.934342
8.155937	13.107672
8.208187	12.147928
8.268796	11.179676
8.374677	10.317053
8.452740	9.514653
8.561763	8.676501
8.721336	8.114933
8.855063	7.669384
9.085575	6.900225
9.411231	6.282166
9.565783	5.664171
9.732134	5.073536
9.955167	4.679146
10.234292	4.233288
10.482270	3.868786
10.756054	3.443490
11.044525	2.971813
11.370534	2.578282
11.708860	2.187388
11.964884	1.744375
12.360904	1.402342
12.793172	1.126804
13.212825	0.914529
13.617017	0.678619
14.047166	0.619696
14.661761	0.446174


7.090479	70.997963
7.093502	68.684536
7.123141	66.449111
7.125699	64.396039
7.140384	61.675139
7.140384	59.053218
7.158589	56.793337
7.176893	54.457394
7.184804	52.192285
7.227261	49.944334
7.231058	48.255778
7.245076	46.531885
7.269096	44.914849
7.275505	43.207646
7.308389	41.617309
7.313724	39.967248
7.331476	38.291143
7.347344	36.933972
7.356027	35.228386
7.356027	33.637238
7.381631	32.281156
7.413838	30.748254
7.426427	29.311924
7.462877	27.918850
7.488446	26.533711
7.510772	25.088423
7.546084	23.629935
7.621551	22.320410
7.688914	20.691398
7.771807	19.353693
7.835047	18.039175
7.907478	16.802660
7.976643	15.549370
8.131073	14.400343
8.263509	13.234856
8.434245	11.879869
8.560885	10.396914
8.733957	9.107570
8.941504	7.933404
9.151189	7.116140
9.531076	6.077931
9.788866	5.171183
10.185338	4.277607
10.580816	3.540995
11.030804	2.967553
11.566416	2.308754
12.012557	1.668536
12.670755	1.241761
13.413366	0.912052
14.110205	0.652762
15.081469	0.360540


